6.87E-011	1.35E-010	100.00%	4416.92	2120.76	9.20E-010	1.70E-009	100.00%	7767.16	1688.10
0.00E+000	0.00E+000	100.00%	4187.64	1863.86	1.06E-008	2.01E-008	100.00%	7970.52	1633.54
1.55E-010	3.04E-010	100.00%	3847.50	1431.70	2.18E-009	4.04E-009	100.00%	7631.54	1468.86
7.99E-017	1.57E-016	100.00%	4575.82	2247.07	8.18E-010	1.56E-009	100.00%	8070.34	1712.41
0.00E+000	0.00E+000	100.00%	3345.38	981.81	7.23E-009	1.37E-008	100.00%	7935.54	1377.96
1.06E-010	2.07E-010	100.00%	3872.04	1533.54	8.65E-011	1.52E-010	100.00%	7486.88	1409.46
9.33E-017	1.75E-016	100.00%	3929.38	1603.39	1.16E-009	2.26E-009	100.00%	7752.88	1342.97
8.09E-008	1.55E-007	100.00%	4796.52	2423.69	5.55E-008	9.98E-008	100.00%	7975.84	1474.67
2.90E-009	5.67E-009	100.00%	4212.76	1787.43	8.30E-009	1.59E-008	100.00%	7674.92	1539.56
3.77E-010	7.40E-010	100.00%	4038.34	1593.65	4.08E-009	7.83E-009	100.00%	7367.56	1356.84
0.00E+000	0.00E+000	100.00%	4086.98	1930.69	6.73E-011	1.29E-010	100.00%	8085.02	1799.50
3.15E-014	6.15E-014	100.00%	4308.70	2011.69	1.02E-011	1.92E-011	100.00%	7647.98	1662.18
0.00E+000	0.00E+000	100.00%	4056.14	1826.87	2.42E-009	4.61E-009	100.00%	7901.98	1274.86
2.75E-012	5.39E-012	100.00%	4463.22	2172.56	6.92E-009	1.32E-008	100.00%	8081.30	1337.32
0.00E+000	0.00E+000	100.00%	4550.02	2312.67	2.13E-009	4.08E-009	100.00%	8391.66	1476.22
0.00E+000	0.00E+000	100.00%	4202.92	2177.60	1.91E-010	3.64E-010	100.00%	7918.18	1608.25
1.70E-011	3.34E-011	100.00%	4168.26	1871.68	5.91E-011	1.04E-010	100.00%	8313.94	1837.82
7.10E-014	1.39E-013	100.00%	4810.96	2579.62	1.42E-008	2.61E-008	100.00%	8203.34	1697.17
6.31E-014	1.24E-013	100.00%	3594.24	937.90	2.34E-009	4.44E-009	100.00%	8067.14	1562.28
9.56E-012	1.87E-011	100.00%	4343.30	1798.35	2.56E-008	4.88E-008	100.00%	7714.76	1638.93
6.66E-017	1.31E-016	100.00%	4106.26	1819.05	3.35E-008	6.30E-008	100.00%	8003.58	1744.38
0.00E+000	0.00E+000	100.00%	4124.18	1875.83	2.88E-009	5.46E-009	100.00%	8032.90	1161.46
0.00E+000	0.00E+000	100.00%	4017.08	1663.87	3.55E-013	6.66E-013	100.00%	7923.88	1564.24
0.00E+000	0.00E+000	100.00%	4124.66	1478.46	3.93E-008	7.55E-008	100.00%	8274.86	1814.47
2.85E-011	5.59E-011	100.00%	4409.18	2214.77	3.34E-008	6.48E-008	100.00%	7728.96	1690.12
8.35E-014	1.64E-013	100.00%	4183.82	1896.18	5.59E-009	1.09E-008	100.00%	8261.26	1392.87
3.10E-010	6.08E-010	100.00%	3988.04	1486.17	7.12E-010	1.31E-009	100.00%	7796.64	1111.88
3.31E-008	6.40E-008	100.00%	3910.32	1466.46	7.24E-009	1.36E-008	100.00%	7540.84	1513.71
2.74E-011	5.36E-011	100.00%	3895.86	1525.68	3.49E-008	6.84E-008	100.00%	7473.98	1625.14
0.00E+000	0.00E+000	100.00%	4189.38	1945.51	2.19E-011	4.04E-011	100.00%	8224.92	1511.49
2.72E-008	5.34E-008	100.00%	3941.48	1636.49	1.26E-008	2.35E-008	100.00%	8297.78	1481.63
0.00E+000	0.00E+000	100.00%	4143.08	1952.68	2.13E-010	3.98E-010	100.00%	8239.68	1323.11
0.00E+000	0.00E+000	100.00%	3818.30	1482.64	6.74E-010	1.26E-009	100.00%	8066.16	1412.28
0.00E+000	0.00E+000	100.00%	4336.52	1991.63	1.79E-007	3.30E-007	100.00%	7974.80	1284.67
5.49E-008	1.08E-007	100.00%	4255.70	2029.93	2.45E-008	4.39E-008	100.00%	8044.44	1441.20
0.00E+000	0.00E+000	100.00%	4178.46	1726.70	3.63E-010	7.11E-010	100.00%	7670.36	1639.33
1.94E-011	3.81E-011	100.00%	3872.92	1629.12	2.07E-009	3.69E-009	100.00%	7618.20	1226.82
0.00E+000	0.00E+000	100.00%	4506.78	2112.10	4.42E-009	8.27E-009	100.00%	7791.66	1237.78
1.90E-008	3.73E-008	100.00%	4257.98	1939.53	6.07E-008	1.14E-007	100.00%	8090.18	1435.96
0.00E+000	0.00E+000	100.00%	4767.92	2552.73	5.26E-009	9.78E-009	100.00%	8328.60	1521.72
0.00E+000	0.00E+000	100.00%	4077.84	1585.30	2.09E-009	4.09E-009	100.00%	8404.46	1596.20
4.38E-009	8.59E-009	100.00%	4594.18	2010.57	5.06E-009	9.71E-009	100.00%	8198.22	1455.26
2.23E-014	4.37E-014	100.00%	4276.76	2079.52	3.03E-007	5.95E-007	100.00%	7648.94	1566.30
0.00E+000	0.00E+000	100.00%	4402.68	2019.97	6.93E-009	1.33E-008	100.00%	8120.84	1545.75
5.66E-015	1.11E-014	100.00%	4061.24	1361.09	9.88E-011	1.80E-010	100.00%	7802.68	1244.05
2.32E-009	4.54E-009	100.00%	3875.84	1539.57	8.50E-007	1.66E-006	100.00%	8027.08	1300.96
1.07E-007	2.09E-007	100.00%	3513.92	923.57	2.25E-008	4.31E-008	100.00%	7704.54	1399.86
0.00E+000	0.00E+000	100.00%	4277.12	1720.20	4.59E-010	8.26E-010	100.00%	7996.50	1580.62
0.00E+000	0.00E+000	100.00%	4102.72	1649.17	2.11E-009	4.05E-009	100.00%	7941.78	1291.54
1.38E-009	2.70E-009	100.00%	3835.90	1457.92	9.90E-007	1.90E-006	100.00%	7974.02	1683.86
2.04E-011	4.00E-011	100.00%	4235.60	1771.27	6.17E-011	1.13E-010	100.00%	7882.56	1359.94
0.00E+000	0.00E+000	100.00%	4120.56	1683.37	1.37E-013	2.62E-013	100.00%	8108.68	1624.68
0.00E+000	0.00E+000	100.00%	4510.00	2201.80	6.02E-008	1.13E-007	100.00%	7988.54	1335.60
3.07E-014	6.01E-014	100.00%	3863.14	1407.24	4.81E-009	9.28E-009	100.00%	7628.68	1364.52
3.33E-016	6.53E-016	100.00%	4228.66	2037.79	1.27E-007	2.44E-007	100.00%	8167.22	1684.22
1.31E-014	2.56E-014	100.00%	4310.02	2011.63	4.46E-009	8.36E-009	100.00%	8256.56	1518.00
1.60E-016	3.13E-016	100.00%	3801.48	1491.71	9.78E-008	1.86E-007	100.00%	7841.16	1486.47
1.33E-016	2.61E-016	100.00%	3849.42	1510.81	6.74E-009	1.29E-008	100.00%	7785.88	1482.79
0.00E+000	0.00E+000	100.00%	4902.86	2434.74	5.62E-011	9.95E-011	100.00%	8201.62	1340.41
1.34E-013	2.63E-013	100.00%	4029.44	1856.27	7.71E-011	1.46E-010	100.00%	7622.72	1200.91
9.99E-010	1.92E-009	100.00%	4939.86	2465.93	1.18E-007	2.31E-007	100.00%	7843.28	1877.06
7.73E-016	1.51E-015	100.00%	4444.92	1869.80	1.63E-007	3.10E-007	100.00%	7825.90	1448.59
1.33E-017	2.61E-017	100.00%	4657.98	2314.61	3.09E-008	5.80E-008	100.00%	8154.90	1677.90
0.00E+000	0.00E+000	100.00%	4728.20	2471.64	9.44E-010	1.70E-009	100.00%	8216.24	1891.49
7.23E-008	1.40E-007	100.00%	4231.14	1859.41	5.72E-007	1.10E-006	100.00%	7628.84	1134.07
0.00E+000	0.00E+000	100.00%	3468.82	1151.45	1.49E-009	2.90E-009	100.00%	7758.74	1483.17
2.50E-012	4.91E-012	100.00%	3793.44	1483.33	3.25E-010	6.23E-010	100.00%	8079.00	1460.88
4.00E-008	7.83E-008	100.00%	4283.20	1769.75	1.75E-008	3.19E-008	100.00%	8203.30	1365.38
1.33E-017	2.61E-017	100.00%	3871.38	1543.63	2.07E-008	3.95E-008	100.00%	8215.32	1493.74
0.00E+000	0.00E+000	100.00%	4053.74	1474.80	1.02E-008	1.95E-008	100.00%	7987.68	1668.01
1.02E-014	1.93E-014	100.00%	4537.50	2047.22	3.62E-010	6.61E-010	100.00%	8035.58	1638.34
0.00E+000	0.00E+000	100.00%	4129.14	1689.96	2.53E-007	4.86E-007	100.00%	7914.14	1568.23
3.46E-016	6.79E-016	100.00%	4568.26	2383.04	4.08E-009	7.97E-009	100.00%	8142.24	1730.50
3.90E-013	7.65E-013	100.00%	3982.82	1611.68	1.23E-008	2.32E-008	100.00%	7886.00	1385.04
0.00E+000	0.00E+000	100.00%	4834.28	2533.88	1.28E-010	2.45E-010	100.00%	8557.20	1555.14
0.00E+000	0.00E+000	100.00%	4264.66	2096.96	3.44E-008	6.71E-008	100.00%	7649.50	1456.56
4.25E-015	8.33E-015	100.00%	4317.96	1960.82	1.79E-009	3.34E-009	100.00%	7964.42	1453.35
0.00E+000	0.00E+000	100.00%	3944.34	1645.84	3.72E-008	7.26E-008	100.00%	7959.00	1447.44
0.00E+000	0.00E+000	100.00%	4286.10	1849.22	7.09E-010	1.32E-009	100.00%	8193.88	965.65
7.50E-011	1.47E-010	100.00%	5130.46	2369.67	1.68E-009	3.08E-009	100.00%	8640.60	1594.78
0.00E+000	0.00E+000	100.00%	4944.26	2679.84	4.88E-010	9.55E-010	100.00%	8489.26	1575.78
2.87E-009	5.63E-009	100.00%	4969.56	2537.85	7.21E-009	1.27E-008	100.00%	8519.90	1537.18
2.67E-014	5.12E-014	100.00%	4195.26	1884.77	3.11E-010	6.08E-010	100.00%	8101.76	1296.38
1.11E-011	2.18E-011	100.00%	4141.56	1843.13	1.88E-008	3.60E-008	100.00%	8278.32	1456.93
0.00E+000	0.00E+000	100.00%	4666.36	2011.17	1.49E-009	2.86E-009	100.00%	8199.92	1422.76
0.00E+000	0.00E+000	100.00%	4347.82	2398.93	6.63E-010	1.30E-009	100.00%	7913.62	1364.04
2.42E-015	4.75E-015	100.00%	3921.50	1435.80	3.05E-009	5.74E-009	100.00%	7947.02	1375.62
1.33E-017	2.61E-017	100.00%	4684.26	2082.03	1.49E-008	2.83E-008	100.00%	8184.12	1607.89
3.44E-013	6.73E-013	100.00%	4651.94	2263.08	4.09E-010	7.58E-010	100.00%	8043.08	1551.91
1.33E-017	2.61E-017	100.00%	4673.82	2337.65	6.12E-008	1.20E-007	100.00%	8000.40	1326.37
2.52E-009	4.89E-009	100.00%	4231.92	2014.52	8.46E-009	1.47E-008	100.00%	7745.86	1563.51
5.81E-011	1.14E-010	100.00%	4515.64	2051.28	1.24E-009	2.39E-009	100.00%	8010.54	1395.38
2.66E-017	5.22E-017	100.00%	3930.80	1911.94	2.32E-009	4.40E-009	100.00%	7908.36	1553.11
1.18E-008	2.32E-008	100.00%	4914.96	2259.35	2.55E-009	4.85E-009	100.00%	7897.60	1477.02
5.13E-014	1.00E-013	100.00%	4421.12	2022.09	1.40E-010	2.50E-010	100.00%	7788.40	1346.29
3.83E-012	7.49E-012	100.00%	4290.76	1921.04	2.83E-012	5.42E-012	100.00%	8046.80	1539.07
0.00E+000	0.00E+000	100.00%	4134.26	1759.80	9.19E-010	1.75E-009	100.00%	8057.26	1644.70
0.00E+000	0.00E+000	100.00%	4143.72	1961.05	1.59E-006	3.11E-006	100.00%	7996.36	1958.31
0.00E+000	0.00E+000	100.00%	3502.54	1013.45	3.19E-009	5.98E-009	100.00%	7597.00	1674.48
0.00E+000	0.00E+000	100.00%	4513.64	2210.20	1.87E-010	3.45E-010	100.00%	8417.08	1886.24
