0	0.1	0	0.100000000069105	0	0.3	0	0.300000000612682	0	0.5	0	0.499999999895592	0	0.7	0	0.700000000261682	0	0.9	0	0.900000000320138	3377	0.00E+000	0.00E+000	3377	5806	5	
0	0.1	0	0.0999999997062428	0	0.3	9.53043446383361E-08	0.299988653135891	0	0.5	1.04802833078566E-11	0.500000118988397	0	0.7	0	0.699999999359289	0	0.9	0	0.900000000201142	3144	0.00E+000	1.91E-008	3144	8857	5	
0	0.1	0	0.100000000578042	0	0.3	0	0.300000000027024	0	0.5	0	0.500000000613816	0	0.7	9.52571355128384E-14	0.700000011341701	0	0.9	0	0.900000000608474	5310	0.00E+000	1.91E-014	4684	9341	5	
0	0.1	0	0.0999999995588217	0	0.3	0	0.300000000509607	0	0.5	0	0.500000000362027	0	0.7	0	0.699999999844675	0	0.9	0	0.899999999697504	4674	0.00E+000	0.00E+000	4674	9421	5	
0	0.1	1.26565424807268E-14	0.099999995919607	0	0.3	0	0.299999999610632	0	0.5	0	0.499999999993024	0	0.7	0	0.699999999906237	0	0.9	1.30562227695918E-13	0.899999986714003	4275	1.27E-014	2.86E-014	3095	5442	5	
0	0.1	0	0.100000000235387	0	0.3	0	0.300000000211496	0	0.5	0	0.499999999817401	0	0.7	0	0.700000000289945	0	0.9	0	0.900000000411695	6209	0.00E+000	0.00E+000	6209	8484	5	
0	0.1	0	0.0999999998371856	0	0.3	0	0.300000000525677	0	0.5	6.06181771445335E-14	0.499999990951112	0	0.7	0	0.700000000364305	0	0.9	1.68835425107261E-06	0.900047758584501	3488	0.00E+000	3.38E-007	3488	7710	5	
0	0.1	0	0.0999999997674296	0	0.3	0	0.300000000003082	0	0.5	0	0.500000000402754	0	0.7	0	0.699999999353311	0	0.9	0	0.900000000118405	5268	0.00E+000	0.00E+000	4628	5540	5	
0	0.1	0	0.0999999993359881	0	0.3	0	0.29999999975523	0	0.5	0	0.499999999492296	0	0.7	4.14335232790108E-13	0.699999976348306	0	0.9	0	0.900000000186018	6353	0.00E+000	8.29E-014	3395	6700	5	
0	0.1	0	0.100000000668803	0	0.3	0	0.300000000565525	0	0.5	0	0.500000000645069	0	0.7	3.26771942837922E-10	0.700000664418971	0	0.9	1.27964305818296E-12	0.900000041580621	3561	0.00E+000	6.56E-011	3561	7750	5	
0	0.1	0	0.0999999995116937	0	0.3	0	0.299999999399473	0	0.5	0	0.500000000655651	0	0.7	0	0.699999999390678	0	0.9	0	0.900000000505978	3264	0.00E+000	0.00E+000	3264	9346	5	
0	0.1	0	0.0999999998904277	0	0.3	2.18158824338843E-12	0.300000054290993	0	0.5	0	0.49999999979919	0	0.7	4.90407714437424E-12	0.70000008139427	0	0.9	0	0.899999999584348	3108	0.00E+000	1.42E-012	3075	10904	5	
0	0.1	0	0.100000000368131	0	0.3	2.28483898467857E-13	0.299999982437644	0	0.5	0	0.499999999511217	0	0.7	3.39728245535298E-14	0.699999993213175	0	0.9	5.30062660430985E-11	0.899999732402635	5300	0.00E+000	1.07E-011	4049	8167	5	
0	0.1	0	0.0999999998014829	0	0.3	4.66293670342566E-15	0.299999997493858	0	0.5	0	0.499999999869983	0	0.7	0	0.700000000559489	0	0.9	7.38003191891323E-09	0.900003157538258	6217	0.00E+000	1.48E-009	6217	10890	5	
0	0.1	0	0.100000000017562	0	0.3	0	0.299999999769191	0	0.5	0	0.499999999774891	0	0.7	1.43018930032213E-12	0.700000043960078	0	0.9	9.12603326241879E-14	0.900000011084705	3225	0.00E+000	3.04E-013	3225	6879	5	
0	0.1	0	0.100000000077498	0	0.3	3.45379285482394E-06	0.300068307434175	0	0.5	0	0.500000000007191	0	0.7	6.66133814775094E-16	0.700000000895382	0	0.9	0	0.90000000026759	4678	0.00E+000	6.91E-007	4650	9742	5	
0	0.1	0	0.09999999986635	0	0.3	0	0.299999999693323	0	0.5	0	0.50000000052787	0	0.7	2.81041856453612E-12	0.700000061618024	0	0.9	8.19674933760783E-06	0.900105230373972	4638	0.00E+000	1.64E-006	4638	7644	5	
0	0.1	0	0.0999999997451716	0	0.3	0	0.299999999666839	0	0.5	6.73939557493952E-06	0.500095418068313	0	0.7	0	0.700000000458063	0	0.9	6.96719548720637E-09	0.899996932048431	3103	0.00E+000	1.35E-006	3103	12330	5	
0	0.1	0	0.0999999997910552	0	0.3	2.44816167338513E-10	0.300000575094649	0	0.5	1.33226762955019E-15	0.499999998812309	0	0.7	0	0.700000000031885	0	0.9	0	0.899999999946608	4935	0.00E+000	4.90E-011	3095	7264	5	
0	0.1	0	0.100000000440742	0	0.3	0	0.299999999796969	0	0.5	0	0.500000000266055	0	0.7	0	0.699999999409724	0	0.9	0	0.899999999919233	14081	0.00E+000	0.00E+000	4654	14081	5	
0	0.1	0	0.100000000007869	0	0.3	2.06718042683463E-09	0.299998328875927	0	0.5	8.94617713242951E-13	0.500000034761284	0	0.7	0	0.700000000246703	0	0.9	0	0.899999999352724	4774	0.00E+000	4.14E-010	3107	9983	5	
0	0.1	0	0.0999999998825822	0	0.3	7.0636829718751E-12	0.300000097685217	0	0.5	5.82113224290026E-09	0.499997195707997	0	0.7	2.13277062677264E-09	0.699998302571087	0	0.9	0	0.899999999339773	4978	0.00E+000	1.59E-009	2482	5497	5	
0	0.1	0	0.100000000422998	0	0.3	0	0.30000000055542	0	0.5	8.47487350297271E-08	0.500010700057624	0	0.7	0	0.700000000284205	0	0.9	5.32907051820075E-15	0.900000002701089	3211	0.00E+000	1.69E-008	3091	9063	5	
0	0.1	0	0.100000000277624	0	0.3	0	0.299999999464013	0	0.5	0	0.499999999683178	0	0.7	0	0.700000000087627	0	0.9	0	0.900000000396803	5090	0.00E+000	0.00E+000	4654	14035	5	
0	0.1	0	0.100000000430479	0	0.3	4.48947545805822E-11	0.300000246272934	0	0.5	0	0.500000000371183	0	0.7	0	0.699999999658058	0	0.9	0	0.899999999544259	5252	0.00E+000	8.98E-012	4180	6905	5	
0	0.1	6.66133814775094E-16	0.100000000956064	0	0.3	0	0.300000000325009	0	0.5	3.15055255772911E-07	0.499979369350997	0	0.7	0	0.700000000037857	0	0.9	5.80473348277266E-08	0.900008855450149	3194	6.66E-016	7.46E-008	3115	5339	5	
0	0.1	1.39402116949849E-06	0.0999566035389442	0	0.3	0	0.300000000263372	0	0.5	0	0.49999999960611	0	0.7	0	0.699999999832622	0	0.9	0	0.90000000056133	8318	1.39E-006	2.79E-007	4674	8318	5	
0	0.1	6.61137811164281E-12	0.0999999054909317	0	0.3	0	0.299999999795067	0	0.5	0	0.499999999591554	0	0.7	0	0.699999999754322	0	0.9	0	0.89999999989912	8043	6.61E-012	1.32E-012	4714	11254	5	
0	0.1	0.000267777727610108	0.100601495756116	0	0.3	0	0.299999999653927	0	0.5	1.99840144432528E-15	0.499999998265544	0	0.7	0	0.699999999358023	0	0.9	4.59632332194815E-14	0.899999992102865	0	2.68E-004	5.36E-005	0	9372	4	
0	0.1	0	0.100000000517067	0	0.3	9.12603326241879E-14	0.300000011086108	0	0.5	1.79856129989275E-14	0.499999995075587	0	0.7	0	0.699999999543226	0	0.9	0	0.900000000093894	5378	0.00E+000	2.18E-014	3148	5717	5	
0	0.1	3.72368802459278E-12	0.100000070927736	0	0.3	0	0.300000000241012	0	0.5	0	0.499999999557101	0	0.7	0	0.70000000002685	0	0.9	1.08113518137998E-12	0.899999961785171	3443	3.72E-012	9.61E-013	3153	9586	5	
0	0.1	0	0.100000000442503	0	0.3	0	0.299999999354548	0	0.5	0	0.500000000646149	0	0.7	0	0.700000000436101	0	0.9	0.000176166062847538	0.90048786270874	6229	0.00E+000	3.52E-005	6229	9228	4	
0	0.1	0	0.0999999997830764	0	0.3	0	0.300000000207821	0	0.5	1.99840144432528E-15	0.500000001771906	0	0.7	0	0.700000000485461	0	0.9	1.13737814388948E-07	0.899987604274621	5403	0.00E+000	2.27E-008	5403	10741	5	
0	0.1	0	0.100000000336604	0	0.3	0	0.300000000110974	0	0.5	0	0.49999999976898	0	0.7	0	0.699999999617825	0	0.9	0	0.899999999376246	4712	0.00E+000	0.00E+000	4646	5822	5	
0	0.1	0	0.0999999995767964	0	0.3	0	0.299999999455622	0	0.5	0	0.499999999824896	0	0.7	1.66533453693773E-14	0.700000004776281	0	0.9	0	0.900000000423374	3133	0.00E+000	3.33E-015	3133	5775	5	
0	0.1	0	0.100000000260968	0	0.3	1.59885438222318E-11	0.299999853032401	0	0.5	1.33226762955019E-15	0.500000001298177	0	0.7	0	0.700000000232812	0	0.9	0	0.899999999774917	4735	0.00E+000	3.20E-012	3168	7997	5	
0	0.1	0	0.0999999994079591	0	0.3	0	0.299999999626558	0	0.5	7.32747196252603E-15	0.499999996896071	0	0.7	6.44944098127098E-11	0.700000295176082	0	0.9	0	0.899999999680783	3517	0.00E+000	1.29E-011	3123	6707	5	
0	0.1	0	0.0999999999824524	0	0.3	0	0.29999999946869	0	0.5	0	0.500000000324276	0	0.7	0	0.699999999726637	0	0.9	5.17066389704723E-11	0.90000026429756	7057	0.00E+000	1.03E-011	6429	9597	5	
0	0.1	0	0.0999999996530894	0	0.3	0	0.300000000165028	0	0.5	0	0.500000000496254	0	0.7	0	0.699999999692471	0	0.9	0	0.900000000119358	9243	0.00E+000	0.00E+000	5372	12442	5	
0	0.1	0	0.100000000554024	0	0.3	0	0.300000000437049	0	0.5	6.66133814775094E-16	0.499999998990453	0	0.7	0	0.700000000080342	0	0.9	0	0.900000000229828	5750	0.00E+000	1.33E-016	3175	7806	5	
0	0.1	0	0.0999999995807143	0	0.3	1.39221967287995E-13	0.299999986300262	0	0.5	9.90937074285547E-07	0.500036588333572	0	0.7	7.25419724290077E-13	0.699999968694378	0	0.9	0	0.89999999977744	3433	0.00E+000	1.98E-007	3433	12371	5	
0	0.1	0	0.0999999994660042	0	0.3	1.26909803233044E-06	0.300041406374283	0	0.5	0	0.500000000211237	0	0.7	0	0.699999999452528	0	0.9	0	0.900000000627015	9298	0.00E+000	2.54E-007	3168	9298	5	
0	0.1	0	0.100000000166012	0	0.3	0	0.299999999628147	0	0.5	0	0.500000000377708	0	0.7	0	0.699999999837039	0	0.9	0	0.899999999347154	6205	0.00E+000	0.00E+000	6205	7177	5	
0	0.1	0	0.100000000329875	0	0.3	0	0.300000000156878	0	0.5	7.32747196252603E-15	0.499999996911002	0	0.7	0	0.699999999895968	0	0.9	0	0.900000000374351	3246	0.00E+000	1.47E-015	3246	7030	5	
0	0.1	0	0.0999999994776546	0	0.3	8.65973959207622E-15	0.299999996550996	0	0.5	5.37703215286456E-12	0.500000085231582	0	0.7	0	0.699999999453909	0	0.9	1.9187801534204E-05	0.899838997004479	3261	0.00E+000	3.84E-006	0	9320	5	
0	0.1	6.1934369410821E-08	0.100009147140742	0	0.3	0	0.300000000397168	0	0.5	0	0.499999999430533	0	0.7	0	0.699999999778365	0	0.9	4.13513956409872E-09	0.900002363548859	8451	6.19E-008	1.32E-008	3504	8451	5	
0	0.1	6.0585869654517E-10	0.100000904701027	0	0.3	0	0.29999999946545	0	0.5	0	0.500000000405757	0	0.7	0	0.700000000369471	0	0.9	0	0.900000000549868	4371	6.06E-010	1.21E-010	3199	12292	5	
0	0.1	0	0.099999999372411	0	0.3	0	0.299999999958471	0	0.5	0	0.5000000005354	0	0.7	0.000139440411015102	0.699565962472488	0	0.9	1.55209178842597E-13	0.899999985528426	5198	0.00E+000	2.79E-005	4630	7439	4	
0	0.1	0	0.0999999994134937	0	0.3	0	0.299999999723316	0	0.5	6.18838313926062E-13	0.499999971081663	0	0.7	0	0.69999999991384	0	0.9	0	0.899999999578324	4654	0.00E+000	1.24E-013	4654	10866	5	
0	0.1	0	0.0999999999203219	0	0.3	0	0.299999999966518	0	0.5	0	0.500000000059875	0	0.7	3.39728245535298E-14	0.700000006759236	0	0.9	0	0.9000000002884	4642	0.00E+000	6.79E-015	4642	12313	5	
0	0.1	0	0.0999999999589815	0	0.3	0	0.300000000429931	0	0.5	0	0.499999999473239	0	0.7	0	0.700000000170073	0	0.9	0	0.899999999541434	3248	0.00E+000	0.00E+000	3248	8401	5	
0	0.1	0	0.0999999995740156	0	0.3	0	0.300000000197398	0	0.5	0	0.500000000387927	0	0.7	0	0.700000000333915	0	0.9	0	0.900000000621711	6385	0.00E+000	0.00E+000	6201	10937	5	
0	0.1	0	0.0999999994012626	0	0.3	0.000892354948926921	0.298901817633063	0	0.5	0	0.500000000567914	0	0.7	0	0.699999999648613	0	0.9	0	0.900000000250225	9293	0.00E+000	1.78E-004	4847	10076	4	
0	0.1	0	0.100000000126645	0	0.3	0	0.299999999521023	0	0.5	0	0.500000000084932	0	0.7	0	0.699999999554448	0	0.9	0	0.900000000163735	10928	0.00E+000	0.00E+000	3195	10928	5	
0	0.1	0	0.100000000094762	0	0.3	0	0.299999999401462	0	0.5	0	0.500000000193243	0	0.7	4.79616346638068E-14	0.700000008039525	0	0.9	0	0.900000000232522	4104	0.00E+000	9.59E-015	3168	5782	5	
0	0.1	4.25992574548673E-12	0.100000075860438	0	0.3	0	0.299999999803906	0	0.5	0	0.500000000277609	0	0.7	1.06581410364015E-14	0.700000003786098	0	0.9	0	0.900000000572123	4231	4.26E-012	8.54E-013	3280	5558	5	
0	0.1	0	0.099999999535899	0	0.3	0	0.300000000240297	0	0.5	0	0.5000000002777	0	0.7	5.09605805543156E-06	0.699917026927778	0	0.9	0	0.899999999532397	3148	0.00E+000	1.02E-006	3148	10836	5	
0	0.1	0	0.100000000666347	0	0.3	0	0.300000000298509	0	0.5	0	0.50000000046777	0	0.7	0	0.699999999847016	0	0.9	0	0.899999999583022	12503	0.00E+000	0.00E+000	4650	12503	5	
0	0.1	0	0.100000000602309	0	0.3	0	0.29999999978118	0	0.5	0	0.50000000026601	0	0.7	0	0.700000000171123	0	0.9	0	0.899999999795049	3655	0.00E+000	0.00E+000	3159	9192	5	
0	0.1	0	0.100000000513841	0	0.3	0	0.300000000387791	0	0.5	0	0.500000000259454	0	0.7	0	0.700000000573583	0	0.9	0	0.899999999414237	4730	0.00E+000	0.00E+000	4730	10748	5	
0	0.1	0	0.100000000582028	0	0.3	0	0.299999999582431	0	0.5	0	0.499999999908244	0	0.7	0	0.699999999977539	0	0.9	1.56253292227237E-06	0.899954055425403	4670	0.00E+000	3.13E-007	4642	8524	5	
0	0.1	0	0.100000000494771	0	0.3	6.66133814775094E-16	0.299999999312678	0	0.5	0	0.499999999735988	0	0.7	8.75998361848929E-07	0.700034401012672	0	0.9	5.34625677062195E-11	0.900000268747993	3342	0.00E+000	1.75E-007	3122	6544	5	
0	0.1	0	0.0999999999362998	0	0.3	0	0.300000000605281	0	0.5	3.14082093666457E-12	0.499999934858368	0	0.7	0	0.700000000645452	0	0.9	6.66133814775094E-16	0.900000000721733	3168	0.00E+000	6.28E-013	3168	9396	5	
0	0.1	0	0.100000000405354	0	0.3	0	0.300000000341783	0	0.5	0	0.499999999930013	0	0.7	0	0.700000000566381	0	0.9	0	0.899999999980278	3612	0.00E+000	0.00E+000	3104	5490	5	
0	0.1	0	0.0999999994010962	0	0.3	5.28910248931425E-13	0.299999973274672	0	0.5	0	0.500000000534522	0	0.7	0	0.70000000038088	0	0.9	0	0.900000000589825	1675	0.00E+000	1.06E-013	1675	5537	5	
0	0.1	0	0.0999999998944216	0	0.3	0	0.299999999992954	0	0.5	1.52919156226616E-08	0.499995454826752	0	0.7	0	0.700000000276017	0	0.9	0	0.900000000582272	6233	0.00E+000	3.06E-009	6205	9864	5	
0	0.1	0	0.100000000478422	0	0.3	3.2174263253637E-13	0.299999979151947	0	0.5	0	0.499999999812577	0	0.7	0	0.69999999965372	0	0.9	0	0.900000000153686	5422	0.00E+000	6.43E-014	5170	9559	5	
0	0.1	0	0.099999999862129	0	0.3	0	0.300000000407048	0	0.5	1.86517468137026E-14	0.500000005027604	0	0.7	0	0.7000000001544	0	0.9	0	0.899999999655666	3903	0.00E+000	3.73E-015	3183	11001	5	
0	0.1	0	0.100000000622813	0	0.3	0	0.299999999920375	0	0.5	7.99313948363078E-11	0.500000328608461	0	0.7	0	0.699999999860073	0	0.9	0	0.899999999868745	5110	0.00E+000	1.60E-011	4642	5294	5	
0	0.1	0	0.0999999996473969	0	0.3	0	0.299999999444702	0	0.5	0	0.500000000138681	0	0.7	0	0.699999999372197	0	0.9	0	0.899999999957008	4642	0.00E+000	0.00E+000	4642	9214	5	
0	0.1	6.07971872845781E-09	0.100002865901309	0	0.3	0	0.299999999848487	0	0.5	2.01172412062078E-13	0.500000016490078	0	0.7	0	0.700000000408496	0	0.9	0.000422388617613345	0.90075546851702	7071	6.08E-009	8.45E-005	3155	7071	4	
0	0.1	0	0.100000000116433	0	0.3	0	0.300000000274289	0	0.5	0	0.499999999768236	0	0.7	0	0.699999999495713	0	0.9	2.66453525910038E-14	0.900000006033942	4666	0.00E+000	5.33E-015	4666	5542	5	
0	0.1	0	0.0999999999885489	0	0.3	0	0.299999999775941	0	0.5	0	0.500000000644825	0	0.7	0	0.699999999632284	0	0.9	8.65973959207622E-15	0.900000003379183	3328	0.00E+000	1.73E-015	3328	9313	5	
0	0.1	0	0.100000000318698	0	0.3	0	0.299999999716582	0	0.5	3.93018950717305E-14	0.499999992687742	0	0.7	0	0.700000000410001	0	0.9	0	0.900000000001421	5082	0.00E+000	7.86E-015	5082	12238	5	
0	0.1	0	0.0999999994515886	0	0.3	0.000225716697707878	0.299447766020871	0	0.5	2.60591548340017E-12	0.500000059333267	0	0.7	1.79856129989275E-14	0.699999995036289	0	0.9	0	0.90000000038594	3382	0.00E+000	4.51E-005	3124	6460	4	
0	0.1	0	0.0999999995386559	0	0.3	1.33226762955019E-15	0.300000001205899	0	0.5	0	0.500000000486106	0	0.7	0	0.700000000285729	0	0.9	0	0.900000000077364	3287	0.00E+000	2.66E-016	3287	5562	5	
0	0.1	6.66133814775094E-16	0.100000000823299	0	0.3	0	0.300000000308843	0	0.5	0	0.500000000487046	0	0.7	1.15907283770866E-13	0.699999987493847	0	0.9	0	0.899999999929969	3872	6.66E-016	2.33E-014	3223	7976	5	
0	0.1	0	0.100000000579009	0	0.3	0	0.300000000260015	0	0.5	0	0.500000000301163	0	0.7	0	0.700000000441214	0	0.9	0	0.899999999945959	4666	0.00E+000	0.00E+000	4662	5866	5	
0	0.1	0	0.100000000432607	0	0.3	9.12603326241879E-14	0.300000011118656	0	0.5	0	0.499999999697967	0	0.7	0	0.699999999973523	0	0.9	0	0.899999999515128	3503	0.00E+000	1.83E-014	3208	7666	5	
0	0.1	6.66133814775094E-16	0.0999999993148321	0	0.3	1.55768267906531E-06	0.300045873211068	0	0.5	0	0.500000000620695	0	0.7	0	0.700000000086887	0	0.9	1.16965869860763E-05	0.900125704319673	3430	6.66E-016	2.65E-006	3161	9114	5	
0	0.1	5.84865489372532E-12	0.10000008888805	0	0.3	0	0.299999999746589	0	0.5	0	0.500000000065404	0	0.7	5.32907051820075E-15	0.699999997297399	0	0.9	2.06501482580279E-13	0.900000016713528	6629	5.85E-012	1.21E-012	3126	6785	5	
0	0.1	0	0.099999999422091	0	0.3	6.16560136279531E-11	0.300000288606944	0	0.5	0	0.500000000129444	0	0.7	0	0.700000000217854	0	0.9	5.61550805855404E-12	0.899999912903158	3344	0.00E+000	1.35E-011	3344	7649	5	
0	0.1	0	0.100000000234369	0	0.3	0	0.299999999461477	0	0.5	0	0.50000000013448	0	0.7	0	0.699999999730653	0	0.9	0	0.900000000156054	3418	0.00E+000	0.00E+000	3418	6648	5	
0	0.1	0	0.100000000046005	0	0.3	0	0.300000000009163	0	0.5	0	0.500000000180124	0	0.7	0	0.700000000491057	0	0.9	0	0.89999999959333	3671	0.00E+000	0.00E+000	3244	9422	5	
0	0.1	0	0.100000000002334	0	0.3	0.000121645787557578	0.299594603706712	0	0.5	0	0.500000000659845	0	0.7	0	0.700000000586127	0	0.9	0	0.899999999884148	4666	0.00E+000	2.43E-005	4654	7521	4	
0	0.1	0	0.100000000230157	0	0.3	0	0.29999999940277	0	0.5	0	0.4999999997481	0	0.7	0	0.700000000525103	0	0.9	0	0.90000000018862	6233	0.00E+000	0.00E+000	6197	11079	5	
0	0.1	0	0.0999999996662347	0	0.3	0	0.300000000369519	0	0.5	0	0.500000000254725	0	0.7	0	0.699999999822577	0	0.9	0	0.900000000293035	5146	0.00E+000	0.00E+000	4666	5650	5	
0	0.1	0	0.100000000323278	0	0.3	9.71422942086519E-12	0.299999885440715	0	0.5	3.79433950259411E-07	0.499977359415962	0	0.7	0	0.700000000068454	0	0.9	0	0.899999999831384	4866	0.00E+000	7.59E-008	4866	9276	5	
0	0.1	0	0.100000000198579	0	0.3	0	0.300000000359314	0	0.5	0	0.499999999989826	0	0.7	0	0.699999999784719	0	0.9	0	0.90000000004079	4646	0.00E+000	0.00E+000	4646	12511	5	
0	0.1	0	0.0999999999210979	0	0.3	2.66453525910038E-14	0.300000005982394	0	0.5	0	0.500000000396356	0	0.7	0	0.700000000224547	0	0.9	2.33146835171283E-14	0.899999994402874	3606	0.00E+000	9.99E-015	3372	5771	5	
0	0.1	0	0.100000000503017	0	0.3	8.5131901528257E-13	0.299999966080577	0	0.5	3.97392119211304E-10	0.50000073270467	0	0.7	0	0.70000000036058	0	0.9	6.66133814775094E-16	0.900000001088281	3197	0.00E+000	7.96E-011	3197	7991	5	
0	0.1	0	0.100000000161209	0	0.3	0	0.300000000155725	0	0.5	6.66133814775094E-16	0.500000001028074	0	0.7	1.19571019752129E-12	0.700000040186004	0	0.9	0	0.899999999767842	5510	0.00E+000	2.39E-013	3140	7088	5	
0	0.1	0	0.100000000339634	0	0.3	6.7079675147852E-13	0.30000003010095	0	0.5	1.9764190284377E-12	0.500000051676692	0	0.7	0	0.699999999762564	0	0.9	0	0.900000000612913	3323	0.00E+000	5.29E-013	3323	9686	5	
0	0.1	0	0.0999999998269724	0	0.3	0	0.300000000323909	0	0.5	0	0.499999999789768	0	0.7	0	0.700000000340944	0	0.9	4.66293670342566E-15	0.899999997452022	12428	0.00E+000	9.33E-016	6201	12788	5	
0	0.1	0	0.0999999999783288	0	0.3	0	0.300000000476936	0	0.5	0	0.499999999558703	0	0.7	0	0.699999999383933	0	0.9	0	0.899999999519153	4862	0.00E+000	0.00E+000	4638	5774	5	
0	0.1	6.08697766302235E-07	0.0999713238787269	0	0.3	0	0.300000000118748	0	0.5	1.98507876802978E-13	0.499999983625619	0	0.7	0	0.700000000303554	0	0.9	1.47789939175524E-08	0.900004468296	8650	6.09E-007	1.25E-007	3091	8650	5	
0	0.1	1.46462175720785E-10	0.099999555181855	0	0.3	0	0.299999999675936	0	0.5	0	0.499999999667527	0	0.7	2.04103400847089E-12	0.699999947487237	0	0.9	0	0.899999999421229	8222	1.46E-010	2.97E-011	4662	8222	5	
0	0.1	0	0.0999999998133331	0	0.3	1.64535052249448E-13	0.299999985088939	0	0.5	0	0.500000000195175	0	0.7	9.99200722162641E-15	0.700000003632837	0	0.9	0	0.899999999878271	1676	0.00E+000	3.49E-014	1676	6447	5	
0	0.1	4.51771953180469E-12	0.0999999218743633	0	0.3	0	0.300000000157095	0	0.5	1.83413284560174E-11	0.500000157411094	0	0.7	0	0.700000000415739	0	0.9	1.97514005151334E-10	0.900000516557161	2078	4.52E-012	4.41E-011	1651	5604	5	
0	0.1	6.99440505513849E-14	0.0999999903012407	0	0.3	0	0.299999999772144	0	0.5	0	0.500000000621796	0	0.7	0	0.700000000501219	0	0.9	0	0.900000000025223	11197	6.99E-014	1.40E-014	4650	11197	5	
=============================================================
Function                             :	 F1
Mean Fitness Evaluations [Global]    :	 5060.84
Mean Error [Global]                  :	 2.70E-006
Std. Dev. Error [Global]             :	 5.30E-006
Sucess [Peaks Found]                 :	 98.60%
Sucess [All Peaks Found]             :	 93.00%
Sucess [Global]                      :	 99.00%
Mean Error [Local]                   :	 4.62E-006
Std. Dev. Error [Local]              :	 8.33E-006
Success [Local]                      :	 99.00%
Mean Fitness Evaluations [1st Peak]  :	 3877.39
Mean Fitness Evaluations [Last Peak] :	 8579.90
Truncated Mean
Mean Fitness Evaluations [Global]    :	 4697.24
Mean Error [Global]                  :	 1.01E-013
Std. Dev. Error [Global]             :	 1.95E-013
Sucess [Peaks Found]                 :	 98.25%
Sucess [All Peaks Found]             :	 91.25%
Sucess [Global]                      :	 100.00%
Mean Error [Local]                   :	 5.77E-006
Std. Dev. Error [Local]              :	 1.02E-005
Success [Local]                      :	 98.75%
Mean Fitness Evaluations [1st Peak]  :	 3830.09
Mean Fitness Evaluations [Last Peak] :	 8444.04
