0.00E+000	0.00E+000	100.00%	2777.52	672.56	2.94E-002	1.89E-002	0.00%	20843.86	7407.00
0.00E+000	0.00E+000	100.00%	2937.74	669.46	3.06E-002	2.19E-002	0.00%	22161.50	9292.92
0.00E+000	0.00E+000	100.00%	3079.42	791.13	2.77E-002	2.17E-002	0.00%	22907.54	9141.28
0.00E+000	0.00E+000	100.00%	2944.84	716.89	3.21E-002	1.93E-002	0.00%	17384.26	7487.84
0.00E+000	0.00E+000	100.00%	2780.80	632.73	3.61E-002	2.20E-002	0.00%	18096.52	8473.48
0.00E+000	0.00E+000	100.00%	3273.50	1036.10	3.07E-002	2.44E-002	0.00%	22635.24	8626.44
0.00E+000	0.00E+000	100.00%	3195.20	866.98	3.09E-002	1.98E-002	0.00%	19267.22	7299.10
0.00E+000	0.00E+000	100.00%	3289.46	1082.84	2.70E-002	2.43E-002	0.00%	21853.92	8338.13
1.66E-003	3.24E-003	98.00%	3244.08	1076.60	2.37E-002	2.15E-002	0.00%	21548.34	6987.59
0.00E+000	0.00E+000	100.00%	2996.70	820.86	2.70E-002	2.11E-002	0.00%	24110.78	8299.55
0.00E+000	0.00E+000	100.00%	3026.52	824.28	3.11E-002	2.50E-002	0.00%	19605.38	7950.83
0.00E+000	0.00E+000	100.00%	3194.90	986.46	3.53E-002	2.56E-002	0.00%	20487.58	7896.66
0.00E+000	0.00E+000	100.00%	3175.86	721.25	2.91E-002	2.07E-002	0.00%	18794.92	7289.92
0.00E+000	0.00E+000	100.00%	3039.20	781.95	3.01E-002	2.01E-002	0.00%	20823.38	7756.30
0.00E+000	0.00E+000	100.00%	3344.14	859.25	2.61E-002	1.94E-002	0.00%	22519.76	6936.41
1.66E-003	3.24E-003	98.00%	3240.30	1115.38	3.50E-002	2.63E-002	0.00%	20900.34	6313.14
0.00E+000	0.00E+000	100.00%	3081.92	964.60	2.37E-002	2.03E-002	0.00%	21949.58	7545.66
0.00E+000	0.00E+000	100.00%	3219.74	875.03	3.17E-002	2.33E-002	0.00%	20158.22	8328.26
3.31E-003	6.36E-003	96.00%	3375.20	942.96	2.77E-002	2.10E-002	0.00%	21193.16	7951.27
0.00E+000	0.00E+000	100.00%	3076.10	994.46	3.12E-002	2.25E-002	0.00%	21380.48	7797.64
1.66E-003	3.24E-003	98.00%	3471.14	1161.38	3.11E-002	2.09E-002	0.00%	20378.92	6993.56
1.66E-003	3.24E-003	98.00%	3469.14	933.29	1.75E-002	1.90E-002	0.00%	24412.28	7844.53
0.00E+000	0.00E+000	100.00%	2940.30	725.88	2.80E-002	2.31E-002	0.00%	21087.58	8081.76
0.00E+000	0.00E+000	100.00%	2834.72	751.07	3.38E-002	2.28E-002	0.00%	19300.68	6940.89
0.00E+000	0.00E+000	100.00%	3126.68	648.95	3.08E-002	2.79E-002	0.00%	22240.80	8704.67
0.00E+000	0.00E+000	100.00%	3147.74	1021.76	2.81E-002	2.43E-002	0.00%	21960.30	7659.79
0.00E+000	0.00E+000	100.00%	3100.96	763.20	2.81E-002	1.99E-002	0.00%	22728.46	8801.70
0.00E+000	0.00E+000	100.00%	3123.34	854.62	2.37E-002	2.50E-002	0.00%	19377.36	8166.04
0.00E+000	0.00E+000	100.00%	3530.36	1228.40	3.77E-002	2.31E-002	0.00%	17961.16	7764.67
0.00E+000	0.00E+000	100.00%	2953.48	945.72	3.68E-002	2.29E-002	0.00%	19175.32	8099.44
0.00E+000	0.00E+000	100.00%	3098.88	804.48	2.48E-002	2.03E-002	0.00%	20834.88	7901.12
0.00E+000	0.00E+000	100.00%	3012.86	888.81	3.28E-002	2.77E-002	0.00%	20983.50	7599.78
1.66E-003	3.24E-003	98.00%	3099.28	827.64	2.67E-002	2.02E-002	0.00%	21138.02	6750.74
0.00E+000	0.00E+000	100.00%	3057.16	753.67	3.18E-002	2.41E-002	0.00%	20168.34	8353.17
1.66E-003	3.24E-003	98.00%	3128.30	862.38	3.93E-002	2.05E-002	0.00%	17893.96	5985.00
3.31E-003	6.36E-003	96.00%	3591.98	1320.81	2.75E-002	2.04E-002	0.00%	22817.58	7662.76
0.00E+000	0.00E+000	100.00%	3262.80	1050.23	3.29E-002	2.71E-002	0.00%	20646.52	7759.18
0.00E+000	0.00E+000	100.00%	2987.18	864.24	3.31E-002	1.91E-002	0.00%	19513.40	7737.12
0.00E+000	0.00E+000	100.00%	3143.56	815.74	2.72E-002	2.44E-002	0.00%	22511.34	8584.39
0.00E+000	0.00E+000	100.00%	3434.42	1100.86	3.05E-002	2.05E-002	0.00%	19411.22	7606.76
1.66E-003	3.24E-003	98.00%	2956.78	722.12	2.87E-002	2.27E-002	0.00%	19951.60	7985.51
0.00E+000	0.00E+000	100.00%	3117.12	726.71	3.15E-002	2.13E-002	0.00%	19951.50	6899.16
0.00E+000	0.00E+000	100.00%	3329.00	899.60	3.05E-002	2.04E-002	0.00%	20352.40	6733.82
1.66E-003	3.24E-003	98.00%	3256.48	911.34	3.07E-002	2.13E-002	0.00%	21981.64	8080.61
0.00E+000	0.00E+000	100.00%	3325.10	1100.54	2.42E-002	1.98E-002	0.00%	20524.14	8224.55
0.00E+000	0.00E+000	100.00%	3047.36	883.72	2.63E-002	2.05E-002	0.00%	19683.58	7064.81
0.00E+000	0.00E+000	100.00%	3119.60	897.86	3.61E-002	2.38E-002	0.00%	18778.64	8898.58
0.00E+000	0.00E+000	100.00%	2935.08	730.28	2.88E-002	2.39E-002	0.00%	19602.80	8824.86
2.66E-017	5.22E-017	100.00%	2968.24	777.28	3.03E-002	2.18E-002	0.00%	19510.18	7166.22
0.00E+000	0.00E+000	100.00%	3289.80	1056.01	2.73E-002	2.24E-002	0.00%	19041.66	7688.00
0.00E+000	0.00E+000	100.00%	3231.16	718.01	2.73E-002	2.13E-002	0.00%	21843.94	7779.90
0.00E+000	0.00E+000	100.00%	3541.28	1084.39	3.18E-002	2.41E-002	0.00%	18495.98	7970.54
0.00E+000	0.00E+000	100.00%	3079.72	926.35	2.54E-002	2.09E-002	0.00%	21158.38	7811.84
0.00E+000	0.00E+000	100.00%	3156.46	1087.29	2.75E-002	2.27E-002	0.00%	20109.54	8096.88
0.00E+000	0.00E+000	100.00%	3108.28	956.36	2.96E-002	2.01E-002	0.00%	19614.10	7655.59
0.00E+000	0.00E+000	100.00%	3140.20	801.42	2.56E-002	2.20E-002	0.00%	20861.60	7528.70
0.00E+000	0.00E+000	100.00%	3145.92	1004.90	2.93E-002	2.30E-002	0.00%	20007.90	7638.38
0.00E+000	0.00E+000	100.00%	3372.02	1128.11	2.72E-002	2.02E-002	0.00%	22713.14	9397.23
0.00E+000	0.00E+000	100.00%	3173.66	736.65	2.55E-002	2.39E-002	0.00%	22456.34	7861.21
0.00E+000	0.00E+000	100.00%	2914.60	751.44	2.36E-002	2.03E-002	0.00%	22558.12	8558.28
0.00E+000	0.00E+000	100.00%	3096.94	952.01	2.91E-002	2.30E-002	0.00%	21216.08	8318.85
0.00E+000	0.00E+000	100.00%	3326.90	1153.31	3.48E-002	2.14E-002	0.00%	18925.82	8336.90
0.00E+000	0.00E+000	100.00%	2776.48	662.74	3.48E-002	1.84E-002	0.00%	22044.96	9133.76
3.82E-015	7.49E-015	100.00%	3223.34	929.29	3.71E-002	2.23E-002	0.00%	19004.82	7219.53
0.00E+000	0.00E+000	100.00%	3208.06	915.34	2.51E-002	1.96E-002	0.00%	19853.84	7237.00
0.00E+000	0.00E+000	100.00%	3035.32	739.67	2.47E-002	2.31E-002	0.00%	20667.64	7908.81
0.00E+000	0.00E+000	100.00%	3098.76	812.67	2.62E-002	2.46E-002	0.00%	22077.02	8425.82
1.66E-003	3.24E-003	98.00%	3146.82	847.49	2.25E-002	2.02E-002	0.00%	20512.98	8156.58
0.00E+000	0.00E+000	100.00%	3081.06	736.66	2.84E-002	2.11E-002	0.00%	20419.46	7289.10
0.00E+000	0.00E+000	100.00%	3354.02	1103.11	3.27E-002	1.84E-002	0.00%	20360.12	6632.67
0.00E+000	0.00E+000	100.00%	2878.18	669.06	2.40E-002	2.06E-002	0.00%	22143.16	6901.55
0.00E+000	0.00E+000	100.00%	2919.76	911.60	2.73E-002	2.14E-002	0.00%	20681.32	9081.43
1.66E-003	3.24E-003	98.00%	3356.30	1081.05	3.80E-002	2.37E-002	0.00%	20281.02	7102.38
0.00E+000	0.00E+000	100.00%	3272.92	1123.99	2.23E-002	2.34E-002	0.00%	22473.70	6581.98
0.00E+000	0.00E+000	100.00%	3302.66	879.02	3.85E-002	2.12E-002	0.00%	20847.96	8632.92
0.00E+000	0.00E+000	100.00%	3167.84	971.71	3.40E-002	2.51E-002	0.00%	22096.20	8270.66
0.00E+000	0.00E+000	100.00%	3250.80	556.02	2.80E-002	2.64E-002	0.00%	20198.82	7794.71
0.00E+000	0.00E+000	100.00%	3190.34	953.34	3.05E-002	2.31E-002	0.00%	22791.36	8553.28
0.00E+000	0.00E+000	100.00%	2829.36	675.34	1.95E-002	2.04E-002	0.00%	21957.78	8470.43
0.00E+000	0.00E+000	100.00%	2976.08	651.73	2.48E-002	2.23E-002	0.00%	22006.30	7068.08
0.00E+000	0.00E+000	100.00%	3407.14	1108.28	3.89E-002	3.16E-002	0.00%	19144.40	7338.53
0.00E+000	0.00E+000	100.00%	3122.78	889.14	2.58E-002	2.22E-002	0.00%	24002.28	8698.73
0.00E+000	0.00E+000	100.00%	2987.52	840.62	2.85E-002	2.57E-002	0.00%	19412.14	7925.39
0.00E+000	0.00E+000	100.00%	3127.82	929.67	2.93E-002	1.85E-002	0.00%	18955.32	7169.97
0.00E+000	0.00E+000	100.00%	2995.80	853.30	3.61E-002	2.20E-002	0.00%	18743.84	6647.10
0.00E+000	0.00E+000	100.00%	3120.18	827.59	3.89E-002	2.08E-002	0.00%	19742.70	8024.64
0.00E+000	0.00E+000	100.00%	3072.80	753.70	2.63E-002	2.46E-002	0.00%	20185.86	7884.34
0.00E+000	0.00E+000	100.00%	2910.84	784.25	2.98E-002	2.49E-002	0.00%	20256.70	8059.01
0.00E+000	0.00E+000	100.00%	3066.98	778.50	2.48E-002	2.23E-002	0.00%	19864.52	6597.36
0.00E+000	0.00E+000	100.00%	3375.76	1195.66	2.84E-002	2.24E-002	0.00%	23020.04	8036.28
0.00E+000	0.00E+000	100.00%	3530.76	1223.66	3.08E-002	2.46E-002	0.00%	20398.72	9083.28
0.00E+000	0.00E+000	100.00%	3217.42	889.70	2.45E-002	2.20E-002	0.00%	19681.32	7089.96
0.00E+000	0.00E+000	100.00%	3144.68	1165.56	2.33E-002	2.00E-002	0.00%	21953.48	7893.14
1.66E-003	3.24E-003	98.00%	3296.94	987.18	1.99E-002	2.01E-002	0.00%	23885.56	6853.88
0.00E+000	0.00E+000	100.00%	3213.80	962.06	3.36E-002	2.66E-002	0.00%	19071.70	7153.93
1.66E-003	3.24E-003	98.00%	3241.26	802.47	2.69E-002	2.14E-002	0.00%	22348.32	8814.17
0.00E+000	0.00E+000	100.00%	3004.88	741.23	2.23E-002	2.26E-002	0.00%	21759.98	7816.38
0.00E+000	0.00E+000	100.00%	3382.08	983.39	2.95E-002	1.87E-002	0.00%	22587.38	8325.07
0.00E+000	0.00E+000	100.00%	3122.34	916.86	2.84E-002	2.03E-002	0.00%	21195.80	7987.52
0.00E+000	0.00E+000	100.00%	3391.86	903.54	2.78E-002	2.07E-002	0.00%	20179.68	7195.87
