0	0.1	0	0.0999999997743885	0.082995957	0.3	0.0827641100405245	0.299416506941019	0.292893219	0.5	0.292177869227831	0.498830002871306	0.541497978	0.7	0.54045372902193	0.698249568507085	0.75	0.9	0.74898835756305	0.897580619742302	2326	0.00E+000	6.01E-004	2326	8217	1	
0	0.1	0	0.0999999994035067	0.082995957	0.3	0.0827641100395849	0.299416469318985	0.292893219	0.5	0.292199028544317	0.499033697852592	0.541497978	0.7	0.540517266703001	0.697818421408569	0.75	0.9	0.748987018447334	0.897650716634894	2323	0.00E+000	5.84E-004	2323	34751	1	
0	0.1	0	0.0999999999311232	0.082995957	0.3	0.0827641100395847	0.299416469651377	0.292893219	0.5	0.292177864387555	0.498833037395741	0.541497978	0.7	0.540454512214363	0.698201904979193	0.75	0.9	0.748987054658558	0.897645536165722	3116	0.00E+000	6.01E-004	3116	29486	1	
0	0.1	0	0.0999999994847489	0.082995957	0.3	0.0827641100395847	0.2994164699127	0.292893219	0.5	0.292177864387561	0.498833033844036	0.541497978	0.7	0.540453765309562	0.698239488260612	0.75	0.9	0.540453765309562	0.698239488260612	1677	0.00E+000	4.23E-002	1677	10457	1	
0	0.1	0	0.0999999993551099	0.082995957	0.3	0.0827641100395848	0.299416469875883	0.292893219	0.5	0.292193377188827	0.498661250372297	0.541497978	0.7	0.54045373983133	0.698244168796703	0.75	0.9	0.748986993589885	0.897678137610931	2353	0.00E+000	5.98E-004	2353	9697	1	
0	0.1	0	0.100000000353201	0.082995957	0.3	0.0828302431499066	0.299728106933233	0.292893219	0.5	0.292504675982716	0.498044520978471	0.541497978	0.7	0.540488007228604	0.69856667885305	0.75	0.9	0.748995188170159	0.897876729990013	3107	0.00E+000	5.14E-004	3107	66160	1	
0	0.1	0	0.0999999995116549	0.082995957	0.3	0.0829802302418362	0.299979858891434	0.292893219	0.5	0.292237804882308	0.498495358032149	0.541497978	0.7	0.540453961239534	0.698223719577113	0.75	0.9	0.748986969841285	0.897666867267093	2369	0.00E+000	5.46E-004	2369	29430	2	
0	0.1	0	0.100000000297068	0.082995957	0.3	0.0827641100395871	0.299416471497045	0.292893219	0.5	0.292202629474447	0.498615985027419	0.541497978	0.7	0.540457220382039	0.698350926168643	0.75	0.9	0.749033364317735	0.89816555505358	1601	0.00E+000	5.86E-004	1601	40668	1	
0	0.1	0	0.100000000525883	0.082995957	0.3	0.0827641100395853	0.299416469701985	0.292893219	0.5	0.292178209893541	0.498807399782679	0.541497978	0.7	0.749429194147882	0.896127250303974	0.75	0.9	0.748987052700359	0.897687928716675	1629	0.00E+000	4.20E-002	1629	7216	1	
0	0.1	0	0.0999999994731909	0.082995957	0.3	0.0828163680682334	0.299693491670746	0.292893219	0.5	0.292266492049164	0.499243679931988	0.541497978	0.7	0.541050765950817	0.696927285998515	0.75	0.9	0.748986970970539	0.897669316193065	1579	0.00E+000	4.53E-004	1579	21118	1	
0	0.1	0	0.0999999994107817	0.082995957	0.3	0.0827641100395853	0.29941647048746	0.292893219	0.5	0.292177864387555	0.498833037729604	0.541497978	0.7	0.540502292085447	0.697872665594416	0.75	0.9	0.748996481637348	0.89744108825679	3901	0.00E+000	5.89E-004	3901	15128	1	
0	0.1	0	0.0999999995433284	0.082995957	0.3	0.0828196946296268	0.299130774303502	0.292893219	0.5	0.292207719396784	0.498594721500738	0.541497978	0.7	0.540453729070809	0.698250244046722	0.75	0.9	0.748986978552426	0.897673688707864	899	0.00E+000	5.84E-004	899	21136	1	
0	0.1	0	0.0999999995248085	0.082995957	0.3	0.0827641100448188	0.299416382135534	0.292893219	0.5	0.292178406611336	0.4988009201195	0.541497978	0.7	0.54046860008454	0.698041102410355	0.75	0.9	0.748987147842655	0.897635970590175	1629	0.00E+000	5.98E-004	1629	22666	1	
0	0.1	0	0.100000000434253	0.082995957	0.3	0.0827790176037621	0.299268515323556	0.292893219	0.5	0.29219516147621	0.498651639775708	0.541497978	0.7	0.540453741851143	0.698255934647346	0.75	0.9	0.749002506892355	0.897955432155205	21686	0.00E+000	5.91E-004	21686	43962	1	
0	0.1	0	0.100000000493172	0.082995957	0.3	0.0827643769511908	0.299436267307928	0.292893219	0.5	0.292223011347481	0.499126115050561	0.541497978	0.7	0.540453736952804	0.69825462555761	0.75	0.9	0.749000402474169	0.897398563080193	1573	0.00E+000	5.89E-004	1573	9849	1	
0	0.1	0	0.100000000110423	0.082995957	0.3	0.0827641100395847	0.299416469808075	0.292893219	0.5	0.292177864387555	0.498833038228007	0.541497978	0.7	0.540453942567725	0.698224789987451	0.75	0.9	0.748986971740627	0.897663665694004	3119	0.00E+000	6.01E-004	3119	8377	1	
0	0.1	0	0.099999999869296	0.082995957	0.3	0.0827721273532158	0.299524973320799	0.292893219	0.5	0.293349546377649	0.500326784580572	0.541497978	0.7	0.5414899128635	0.696507253646565	0.75	0.9	0.74898699294869	0.897677984272682	1687	0.00E+000	3.40E-004	1687	34195	2	
0	0.1	0	0.100000000152219	0.082995957	0.3	0.0829154757225703	0.298945008411562	0.292893219	0.5	0.292211816375419	0.498578895125607	0.541497978	0.7	0.540511396998878	0.697838829834357	0.75	0.9	0.748997524926599	0.897429029134493	2417	0.00E+000	5.50E-004	2417	58881	2	
0	0.1	0	0.0999999998251815	0.082995957	0.3	0.0827641100395847	0.299416469904238	0.292893219	0.5	0.292253526355339	0.499212452864943	0.541497978	0.7	0.540637170127036	0.697516810550489	0.75	0.9	0.748988294993274	0.897751128720729	2363	0.00E+000	5.49E-004	2363	53721	1	
0	0.1	0	0.0999999996375751	0.082995957	0.3	0.0827662866630243	0.299473005055933	0.292893219	0.5	0.292178100153679	0.498811859109644	0.541497978	0.7	0.540453739203852	0.698255266228302	0.75	0.9	0.540453739203852	0.698255266228302	1652	0.00E+000	4.23E-002	1552	7390	1	
0	0.1	0	0.100000000563959	0.082995957	0.3	0.0827641220983811	0.299412261779826	0.292893219	0.5	0.292210688674282	0.498583151367421	0.541497978	0.7	0.540972512556693	0.697017030441662	0.75	0.9	0.749119243467735	0.898509033419552	2340	0.00E+000	4.64E-004	2340	42185	1	
0	0.1	0	0.0999999998705882	0.082995957	0.3	0.0827641100395848	0.299416470175175	0.292893219	0.5	0.292202369594271	0.499048956760116	0.541497978	0.7	0.54045373047863	0.698251878859969	0.75	0.9	0.748986970607954	0.897664829117204	2336	0.00E+000	5.96E-004	2336	8685	1	
0	0.1	0	0.0999999997723969	0.082995957	0.3	0.0827641107091065	0.299417461339265	0.292893219	0.5	0.292185745694146	0.498955486413706	0.541497978	0.7	0.540465003623694	0.698431528110978	0.75	0.9	0.749016482413305	0.898064591242338	1595	0.00E+000	5.91E-004	1595	30123	1	
0	0.1	0	0.100000000632967	0.082995957	0.3	0.0828290321007269	0.299107708511251	0.292893219	0.5	0.292221650758591	0.498544425864386	0.541497978	0.7	0.540544779810868	0.698766276072317	0.75	0.9	0.74899344838598	0.897853194673092	1632	0.00E+000	5.60E-004	1632	42298	1	
0	0.1	0	0.100000000304813	0.082995957	0.3	0.0827641100395847	0.299416469854619	0.292893219	0.5	0.292177911954415	0.498823524696271	0.541497978	0.7	0.540453747199908	0.698257100752986	0.75	0.9	0.748986977976771	0.897660253182527	2363	0.00E+000	6.01E-004	2363	12121	1	
0	0.1	0	0.100000000483966	0.082995957	0.3	0.0827641100395848	0.299416469562698	0.292893219	0.5	0.292179227910599	0.49878210667698	0.541497978	0.7	0.540532992822576	0.698731682535536	0.75	0.9	0.748986969842507	0.897666937809395	2402	0.00E+000	5.85E-004	2402	44468	1	
0	0.1	0	0.0999999999410976	0.082995957	0.3	0.0827641952845221	0.299405281600003	0.292893219	0.5	0.292236262653147	0.499166365486338	0.541497978	0.7	0.540453890297303	0.698228065090132	0.75	0.9	0.748986969870858	0.897667254379383	8506	0.00E+000	5.89E-004	8506	24292	1	
0	0.1	0	0.100000000011309	0.082995957	0.3	0.0827641100395847	0.299416469743035	0.292893219	0.5	0.292185500695347	0.498953568127273	0.541497978	0.7	0.540465200914126	0.698433111268621	0.75	0.9	0.748992018925981	0.897831356897468	3113	0.00E+000	5.96E-004	3113	18176	1	
0	0.1	0	0.0999999999680633	0.082995957	0.3	0.08278297998447	0.299582932545191	0.292893219	0.5	0.292180056857906	0.498768454887954	0.541497978	0.7	0.540464137758845	0.698424410339534	0.75	0.9	0.749251395243098	0.896476435681659	3110	0.00E+000	5.42E-004	3110	58871	1	
0	0.1	0	0.0999999999465648	0.082995957	0.3	0.0827641100395847	0.299416469668512	0.292893219	0.5	0.292177875938501	0.498828349668576	0.541497978	0.7	0.540468001084712	0.698454263961238	0.75	0.9	0.748987066994703	0.897644038358213	2396	0.00E+000	5.98E-004	2396	9782	1	
0	0.1	0	0.0999999995487703	0.082995957	0.3	0.0827849591726311	0.299591444848211	0.292893219	0.5	0.292177883097973	0.498827071241634	0.541497978	0.7	0.540454543382715	0.698298640041829	0.75	0.9	0.748987056686519	0.897645282794775	2348	0.00E+000	5.97E-004	2348	19227	1	
0	0.1	0	0.099999999675272	0.082995957	0.3	0.0828819928991179	0.299000410365398	0.292893219	0.5	0.292177864387555	0.498833037918258	0.541497978	0.7	0.540470150843083	0.698030490844915	0.75	0.9	0.748988186280938	0.897747597933891	1645	0.00E+000	5.74E-004	1645	54265	1	
0	0.1	0	0.10000000044778	0.082995957	0.3	0.0827710891813008	0.299517704673201	0.292893219	0.5	0.292215030280269	0.499098949748379	0.541497978	0.7	0.540467676584677	0.69804768627467	0.75	0.9	0.749004990142107	0.897356108300972	2353	0.00E+000	5.86E-004	2353	70786	1	
0	0.1	0	0.100000000233943	0.082995957	0.3	0.0827641100395863	0.299416468580525	0.292893219	0.5	0.292206976467444	0.499068379952544	0.541497978	0.7	0.54045374130704	0.698255803345465	0.75	0.9	0.748998306702247	0.897420379204963	1641	0.00E+000	5.93E-004	1641	6817	1	
0	0.1	0	0.100000000335115	0.082995957	0.3	0.0828911710906307	0.29984844107027	0.292893219	0.5	0.292307508960511	0.498336417151754	0.541497978	0.7	0.540474386826804	0.698003827002557	0.75	0.9	0.748991638477881	0.8978250377299	2384	0.00E+000	5.44E-004	2384	61956	1	
0	0.1	0	0.100000000225145	0.082995957	0.3	0.0827641100395847	0.299416470096226	0.292893219	0.5	0.292178737611123	0.498873795529868	0.541497978	0.7	0.540685500420983	0.697425882319417	0.75	0.9	0.748989350495868	0.897779810875723	3130	0.00E+000	5.54E-004	3130	26461	1	
0	0.1	0	0.100000000423605	0.082995957	0.3	0.0827641100395848	0.299416469945893	0.292893219	0.5	0.292180007230362	0.498896885500144	0.541497978	0.7	0.748987395711462	0.897714629814515	0.75	0.9	0.748987395711462	0.897714629814515	2384	0.00E+000	4.19E-002	2384	9024	1	
0	0.1	0	0.10000000046502	0.082995957	0.3	0.0827641100395847	0.299416469578011	0.292893219	0.5	0.29228409028294	0.498383504773656	0.541497978	0.7	0.540453893584282	0.698271756027304	0.75	0.9	0.748993953408303	0.897473405012118	2390	0.00E+000	5.78E-004	2390	33786	1	
0	0.1	0	0.100000000188443	0.082995957	0.3	0.0827643008681935	0.299399730102505	0.292893219	0.5	0.292177864387554	0.498833037332863	0.541497978	0.7	0.540907109967156	0.697097377607299	0.75	0.9	0.749028357724864	0.897195922865734	1618	0.00E+000	5.02E-004	1618	19580	1	
0	0.1	0	0.100000000002424	0.082995957	0.3	0.0827842344240514	0.299244565744901	0.292893219	0.5	0.292188223867295	0.498973424193929	0.541497978	0.7	0.540476021745123	0.698505340414597	0.75	0.9	0.749161990113387	0.89863566488385	2343	0.00E+000	5.55E-004	2343	24132	1	
0	0.1	0	0.100000000156244	0.082995957	0.3	0.0827641100395848	0.299416470027223	0.292893219	0.5	0.292179661271366	0.498891504630496	0.541497978	0.7	0.540455041515262	0.698187798455923	0.75	0.9	0.748996694298112	0.897895153747536	3144	0.00E+000	5.98E-004	2497	10525	1	
0	0.1	0	0.10000000053699	0.082995957	0.3	0.0829122461414706	0.298950065399273	0.292893219	0.5	0.292186130002404	0.49895843636187	0.541497978	0.7	0.540453762245331	0.698259667634443	0.75	0.9	0.748986971705257	0.897670016722222	1680	0.00E+000	5.70E-004	1680	14346	2	
0	0.1	0	0.100000000233604	0.082995957	0.3	0.0827641100395847	0.299416469783664	0.292893219	0.5	0.29217786438759	0.498833045602112	0.541497978	0.7	0.54046056674513	0.698108284276655	0.75	0.9	0.54046056674513	0.698108284276655	2356	0.00E+000	4.23E-002	2356	5895	1	
0	0.1	0	0.0999999998454005	0.082995957	0.3	0.0827641100395848	0.299416470064516	0.292893219	0.5	0.292178352359027	0.49886350569184	0.541497978	0.7	0.54045646678498	0.698339349624199	0.75	0.9	0.884648019564804	1.0970771191647	2357	0.00E+000	2.73E-002	2357	6049	1	
0	0.1	0	0.0999999998262392	0.082995957	0.3	0.0827641100395847	0.29941646986669	0.292893219	0.5	0.292178464747732	0.498799242175782	0.541497978	0.7	0.540516395803873	0.698678265311148	0.75	0.9	0.748987489762093	0.897719642181142	2389	0.00E+000	5.88E-004	2389	16767	1	
0	0.1	0	0.0999999993354484	0.082995957	0.3	0.0827641100395874	0.299416467905919	0.292893219	0.5	0.292183202407088	0.498933810583591	0.541497978	0.7	0.540473012949465	0.698487469854427	0.75	0.9	0.748994563064903	0.897868589976618	2337	0.00E+000	5.94E-004	2128	13639	1	
0	0.1	0	0.0999999997841059	0.082995957	0.3	0.0827641100395846	0.299416469850398	0.292893219	0.5	0.292824248469903	0.499942288357212	0.541497978	0.7	0.54045840983975	0.698132712389181	0.75	0.9	0.74898697025864	0.897665360545893	2386	0.00E+000	4.71E-004	2386	26461	2	
0	0.1	0	0.10000000026606	0.082995957	0.3	0.0827641100395848	0.299416469904429	0.292893219	0.5	0.292177882822313	0.498838959367235	0.541497978	0.7	0.54079754857995	0.697246267195161	0.75	0.9	0.54079754857995	0.697246267195161	2336	0.00E+000	4.22E-002	2336	5786	1	
0	0.1	0	0.100000000508709	0.082995957	0.3	0.0827641100395848	0.299416469531072	0.292893219	0.5	0.29236797897273	0.498231643718823	0.541497978	0.7	0.540458228919232	0.698134997461374	0.75	0.9	0.749082126785402	0.896952781705425	2373	0.00E+000	5.43E-004	2373	13526	1	
0	0.1	0	0.0999999995070366	0.082995957	0.3	0.0827641100395852	0.299416470076793	0.292893219	0.5	0.292202357800303	0.498617178841302	0.541497978	0.7	0.540453732339045	0.69825292592403	0.75	0.9	0.748986969881079	0.89766639419624	1635	0.00E+000	5.96E-004	1635	8768	1	
=============================================================
Function                             :	 F2
Mean Fitness Evaluations [Global]    :	 2760.56
Mean Error [Global]                  :	 0.00E+000
Std. Dev. Error [Global]             :	 0.00E+000
Sucess [Peaks Found]                 :	 22.00%
Sucess [All Peaks Found]             :	 0.00%
Sucess [Global]                      :	 100.00%
Mean Error [Local]                   :	 6.09E-003
Std. Dev. Error [Local]              :	 9.51E-003
Success [Local]                      :	 0.00%
Mean Fitness Evaluations [1st Peak]  :	 2741.44
Mean Fitness Evaluations [Last Peak] :	 25426.04
Truncated Mean
Mean Fitness Evaluations [Global]    :	 2260.35
Mean Error [Global]                  :	 0.00E+000
Std. Dev. Error [Global]             :	 0.00E+000
Sucess [Peaks Found]                 :	 22.00%
Sucess [All Peaks Found]             :	 0.00%
Sucess [Global]                      :	 100.00%
Mean Error [Local]                   :	 5.39E-003
Std. Dev. Error [Local]              :	 8.44E-003
Success [Local]                      :	 0.00%
Mean Fitness Evaluations [1st Peak]  :	 2238.30
Mean Fitness Evaluations [Last Peak] :	 23072.13
