1.7156E-07	0.0797	1.71545527227757E-07	0.0796997797589507	0.051311	0.24628	0.0513106874335532	0.246278679591735	0.22918	0.4495	0.229184761394532	0.449495533118337	0.49589	0.67917	0.495888490454308	0.679165737965816	0.74839	0.93015	0.748389918718681	0.930152737301727	4161	1.45E-011	1.33E-006	3498	27793	5	
1.7156E-07	0.0797	1.71545527227757E-07	0.0796997796643986	0.051311	0.24628	0.051310687433553	0.246278679518714	0.22918	0.4495	0.229184761394532	0.449495532931558	0.49589	0.67917	0.495888490454308	0.679165738197985	0.74839	0.93015	0.495888490454308	0.679165738197985	4188	1.45E-011	5.05E-002	4188	6582	4	
1.7156E-07	0.0797	1.71545527227757E-07	0.0796997796591606	0.051311	0.24628	0.0513106874335533	0.246278679330035	0.22918	0.4495	0.229184761394532	0.449495532811034	0.49589	0.67917	0.495888490454308	0.679165738422748	0.74839	0.93015	0.495888490454308	0.679165738422748	8193	1.45E-011	5.05E-002	8193	13292	4	
1.7156E-07	0.0797	1.71545527227757E-07	0.0796997796731675	0.051311	0.24628	1.71545527227757E-07	0.0796997796731675	0.22918	0.4495	1.71545527227757E-07	0.0796997796731675	0.49589	0.67917	1.71545527227757E-07	0.0796997796731675	0.74839	0.93015	1.71545527227757E-07	0.0796997796731675	3350	1.45E-011	3.05E-001	3350	3350	1	
1.7156E-07	0.0797	1.71545527227757E-07	0.0796997796638252	0.051311	0.24628	0.0513106874335532	0.246278679224099	0.22918	0.4495	0.229184761394533	0.449495532481582	0.49589	0.67917	0.495888490454308	0.679165737743851	0.74839	0.93015	0.748389918718681	0.930152737705585	5731	1.45E-011	1.33E-006	5731	16420	5	
1.7156E-07	0.0797	1.71545527227757E-07	0.0796997796591494	0.051311	0.24628	0.0513106874335532	0.246278679387729	0.22918	0.4495	0.229184761394532	0.449495533128892	0.49589	0.67917	0.495888490454308	0.679165738546305	0.74839	0.93015	0.495888490454308	0.679165738546305	8225	1.45E-011	5.05E-002	8225	19670	4	
1.7156E-07	0.0797	1.71545527227757E-07	0.0796997796066452	0.051311	0.24628	0.051310687433553	0.246278679435802	0.22918	0.4495	0.229184761394532	0.449495533556709	0.49589	0.67917	0.495888490454308	0.679165738347508	0.74839	0.93015	0.495888490454308	0.679165738347508	7372	1.45E-011	5.05E-002	7324	12359	4	
1.7156E-07	0.0797	1.71545527227757E-07	0.079699779511485	0.051311	0.24628	0.0513106874335532	0.246278679353704	0.22918	0.4495	0.229184761394532	0.449495532814816	0.49589	0.67917	0.495888490454308	0.679165738399352	0.74839	0.93015	0.748389918718681	0.930152736612987	3312	1.45E-011	1.33E-006	2711	13163	5	
1.7156E-07	0.0797	1.71545527227757E-07	0.0796997795949663	0.051311	0.24628	0.0513106874335532	0.24627867927255	0.22918	0.4495	0.229184761394532	0.449495533147436	0.49589	0.67917	0.495888490454308	0.679165738059304	0.74839	0.93015	0.748389918718681	0.930152737280165	8979	1.45E-011	1.33E-006	8979	17127	5	
1.7156E-07	0.0797	1.71545527227757E-07	0.0796997796113005	0.051311	0.24628	0.0513106874335532	0.246278679369923	0.22918	0.4495	0.229184761394532	0.449495532849366	0.49589	0.67917	0.495888490454308	0.679165737897714	0.74839	0.93015	0.495888490454308	0.679165737897714	5736	1.45E-011	5.05E-002	5736	11451	4	
1.7156E-07	0.0797	1.71545527338779E-07	0.0796997798895859	0.051311	0.24628	0.0513106874335532	0.246278679590964	0.22918	0.4495	0.229184761394532	0.449495533219181	0.49589	0.67917	0.495888490454308	0.679165738057706	0.74839	0.93015	0.748389918718681	0.930152737169553	4167	1.45E-011	1.33E-006	4167	18867	5	
1.7156E-07	0.0797	1.71545527227757E-07	0.0796997797227675	0.051311	0.24628	0.051310687433553	0.24627867947315	0.22918	0.4495	0.051310687433553	0.24627867947315	0.49589	0.67917	0.051310687433553	0.24627867947315	0.74839	0.93015	0.051310687433553	0.24627867947315	9022	1.45E-011	2.64E-001	8990	9022	2	
1.7156E-07	0.0797	1.71545527227757E-07	0.0796997796013686	0.051311	0.24628	0.051310687433553	0.246278679410859	0.22918	0.4495	0.229184761394532	0.449495533399469	0.49589	0.67917	0.495888490454308	0.679165738020953	0.74839	0.93015	0.495888490454308	0.679165738020953	4164	1.45E-011	5.05E-002	4164	18006	4	
1.7156E-07	0.0797	1.71545527227757E-07	0.0796997796982695	0.051311	0.24628	0.0513106874335532	0.246278679462728	0.22918	0.4495	0.0513106874335532	0.246278679462728	0.49589	0.67917	0.495888490454312	0.679165734288595	0.74839	0.93015	0.748389918718681	0.930152737705538	6637	1.45E-011	3.56E-002	6637	15682	4	
1.7156E-07	0.0797	1.71545527227757E-07	0.0796997795482755	0.051311	0.24628	0.0513106874335532	0.246278679648166	0.22918	0.4495	0.229184761394532	0.44949553340108	0.49589	0.67917	0.495888490454308	0.679165737686893	0.74839	0.93015	0.748389918718681	0.930152737729964	4912	1.45E-011	1.33E-006	4912	15526	5	
1.7156E-07	0.0797	1.71545527227757E-07	0.0796997796375488	0.051311	0.24628	0.0513106874335532	0.246278679652968	0.22918	0.4495	0.229184761394532	0.44949553308904	0.49589	0.67917	0.229184761394532	0.44949553308904	0.74839	0.93015	0.748389918718681	0.93015273725827	4129	1.45E-011	5.33E-002	4083	17324	4	
1.7156E-07	0.0797	1.71545527227757E-07	0.0796997796153717	0.051311	0.24628	0.051310687433553	0.246278679308447	0.22918	0.4495	0.229184761394532	0.449495533323797	0.49589	0.67917	0.495888490454308	0.679165737720349	0.74839	0.93015	0.748389918718681	0.93015273700586	4944	1.45E-011	1.33E-006	4944	14717	5	
1.7156E-07	0.0797	1.71545527227757E-07	0.0796997797367692	0.051311	0.24628	0.0513106874335532	0.246278679525576	0.22918	0.4495	0.229184761394532	0.44949553302993	0.49589	0.67917	0.495888490454308	0.679165738339794	0.74839	0.93015	0.748389918718681	0.930152737775459	8183	1.45E-011	1.33E-006	8149	23791	5	
1.7156E-07	0.0797	1.71545527227757E-07	0.0796997796428127	0.051311	0.24628	0.0513106874335532	0.246278679680208	0.22918	0.4495	0.229184761394532	0.449495533318566	0.49589	0.67917	0.495888490454308	0.679165738167983	0.74839	0.93015	0.748389918718681	0.930152736852884	4922	1.45E-011	1.33E-006	4922	27839	5	
1.7156E-07	0.0797	1.71545527338779E-07	0.0796997798452387	0.051311	0.24628	0.0513106874335534	0.246278679981096	0.22918	0.4495	0.229184761394532	0.449495533307267	0.49589	0.67917	0.495888490454308	0.679165738565851	0.74839	0.93015	0.748389918718681	0.930152737591723	7379	1.45E-011	1.33E-006	7379	32769	5	
1.7156E-07	0.0797	1.71545527227757E-07	0.0796997796095353	0.051311	0.24628	0.0513106874335532	0.246278679759757	0.22918	0.4495	0.229184761394532	0.449495533089307	0.49589	0.67917	0.495888490454308	0.679165738323557	0.74839	0.93015	0.748389918718681	0.930152736861933	2530	1.45E-011	1.33E-006	2530	23691	5	
1.7156E-07	0.0797	1.71545527227757E-07	0.0796997795967003	0.051311	0.24628	0.0513106874335532	0.246278679526238	0.22918	0.4495	0.229184761394532	0.449495532944908	0.49589	0.67917	0.495888490454308	0.679165737517005	0.74839	0.93015	0.495888490454308	0.679165737517005	10637	1.45E-011	5.05E-002	10637	16314	4	
1.7156E-07	0.0797	1.71545527227757E-07	0.079699779498645	0.051311	0.24628	0.0513106874335532	0.246278679177249	0.22918	0.4495	0.229184761394532	0.449495532978791	0.49589	0.67917	0.495888490454308	0.679165738529385	0.74839	0.93015	0.748389918718682	0.93015273791906	5799	1.45E-011	1.33E-006	5799	21329	5	
1.7156E-07	0.0797	1.71545527227757E-07	0.0796997795167344	0.051311	0.24628	0.0513106874335532	0.246278679787605	0.22918	0.4495	0.229184761394532	0.449495533413843	0.49589	0.67917	0.495888490454308	0.679165737926956	0.74839	0.93015	0.748389918718681	0.930152737063177	5837	1.45E-011	1.33E-006	5097	21305	5	
1.7156E-07	0.0797	1.71545527227757E-07	0.0796997795447701	0.051311	0.24628	0.0513106874335532	0.246278679581596	0.22918	0.4495	0.229184761394532	0.449495533093485	0.49589	0.67917	0.229184761394532	0.449495533093485	0.74839	0.93015	0.229184761394532	0.449495533093485	9034	1.45E-011	1.57E-001	9034	12346	3	
1.7156E-07	0.0797	1.71545527227757E-07	0.0796997796188983	0.051311	0.24628	0.0513106874335533	0.246278679105644	0.22918	0.4495	0.229184761394532	0.449495533091747	0.49589	0.67917	0.495888490454308	0.679165738165153	0.74839	0.93015	0.495888490454308	0.679165738165153	9000	1.45E-011	5.05E-002	9000	18061	4	
1.7156E-07	0.0797	1.71545527227757E-07	0.0796997796807426	0.051311	0.24628	0.0513106874335532	0.246278679545177	0.22918	0.4495	0.229184761394532	0.449495533106132	0.49589	0.67917	0.495888490454308	0.679165737814539	0.74839	0.93015	0.495888490454308	0.679165737814539	4901	1.45E-011	5.05E-002	4075	35177	4	
1.7156E-07	0.0797	1.71545527227757E-07	0.079699779607209	0.051311	0.24628	0.051310687433553	0.246278679426776	0.22918	0.4495	0.229184761394532	0.449495532645902	0.49589	0.67917	0.495888490454308	0.679165738026083	0.74839	0.93015	0.495888490454308	0.679165738026083	3343	1.45E-011	5.05E-002	3343	23781	4	
1.7156E-07	0.0797	1.71545527227757E-07	0.0796997795056442	0.051311	0.24628	0.0513106874335532	0.246278679209067	0.22918	0.4495	0.229184761394532	0.449495533326713	0.49589	0.67917	0.495888490454308	0.679165737903559	0.74839	0.93015	0.748389918718682	0.9301527375109	4955	1.45E-011	1.33E-006	4955	17195	5	
1.7156E-07	0.0797	1.71545527227757E-07	0.0796997795996302	0.051311	0.24628	0.0513106874335532	0.246278679318855	0.22918	0.4495	0.229184761394532	0.449495533143901	0.49589	0.67917	0.495888490454308	0.679165738210122	0.74839	0.93015	0.748389918718681	0.930152737851791	5794	1.45E-011	1.33E-006	3593	9060	5	
1.7156E-07	0.0797	1.71545527227757E-07	0.079699779527841	0.051311	0.24628	0.051310687433553	0.246278679446238	0.22918	0.4495	0.229184761394532	0.449495533169085	0.49589	0.67917	0.495888490454308	0.679165738189545	0.74839	0.93015	0.495888490454308	0.679165738189545	14738	1.45E-011	5.05E-002	14738	15089	4	
1.7156E-07	0.0797	1.71545527227757E-07	0.0796997795190822	0.051311	0.24628	0.051310687433553	0.246278679313695	0.22918	0.4495	0.229184761394532	0.449495533236936	0.49589	0.67917	0.229184761394532	0.449495533236936	0.74839	0.93015	0.908651825874517	1.19925161637685	11453	1.45E-011	8.54E-002	11453	35243	3	
1.7156E-07	0.0797	1.71545527227757E-07	0.0796997796504176	0.051311	0.24628	0.0513106874335532	0.246278679458193	0.22918	0.4495	0.229184761394532	0.449495533027598	0.49589	0.67917	0.495888490454308	0.679165738458882	0.74839	0.93015	0.495888490454308	0.679165738458882	10616	1.45E-011	5.05E-002	10616	22866	4	
1.7156E-07	0.0797	1.71545527227757E-07	0.0796997796533243	0.051311	0.24628	0.051310687433553	0.246278679582758	0.22918	0.4495	0.229184761394532	0.449495533099099	0.49589	0.67917	0.495888490454308	0.679165738234591	0.74839	0.93015	0.748389918718681	0.930152738231178	3383	1.45E-011	1.33E-006	3383	19604	5	
1.7156E-07	0.0797	1.71545527227757E-07	0.0796997797315204	0.051311	0.24628	0.051310687433553	0.246278679453399	0.22918	0.4495	0.229184761394532	0.449495533154274	0.49589	0.67917	0.495888490454308	0.679165737440183	0.74839	0.93015	0.495888490454308	0.679165737440183	10639	1.45E-011	5.05E-002	10607	16480	4	
1.7156E-07	0.0797	1.71545527227757E-07	0.0796997794758815	0.051311	0.24628	0.051310687433553	0.246278679435788	0.22918	0.4495	0.051310687433553	0.246278679435788	0.49589	0.67917	0.495888490454308	0.679165738094953	0.74839	0.93015	0.748389918718681	0.930152737049286	10634	1.45E-011	3.56E-002	10613	34448	4	
1.7156E-07	0.0797	1.71545527227757E-07	0.0796997797455285	0.051311	0.24628	0.0513106874335532	0.246278679346828	0.22918	0.4495	0.229184761394532	0.449495533220454	0.49589	0.67917	0.495888490454309	0.679165739960292	0.74839	0.93015	0.748389918718681	0.930152737785131	3379	1.45E-011	1.33E-006	3270	24530	5	
1.7156E-07	0.0797	1.71545527227757E-07	0.079699779697672	0.051311	0.24628	0.0513106874335532	0.246278679499708	0.22918	0.4495	0.229184761394532	0.449495533141636	0.49589	0.67917	0.495888490454308	0.679165737909964	0.74839	0.93015	0.748389918718681	0.930152737664151	22103	1.45E-011	1.33E-006	22103	33496	5	
1.7156E-07	0.0797	1.71545527227757E-07	0.0796997795599223	0.051311	0.24628	0.051310687433553	0.246278679494242	0.22918	0.4495	0.229184761394532	0.449495533336947	0.49589	0.67917	0.495888490454308	0.679165738168996	0.74839	0.93015	0.495888490454308	0.679165738168996	12277	1.45E-011	5.05E-002	12277	20491	4	
1.7156E-07	0.0797	1.71545527227757E-07	0.0796997796194709	0.051311	0.24628	0.0513106874335532	0.246278679495314	0.22918	0.4495	0.229184761394532	0.4494955331468	0.49589	0.67917	0.495888490454308	0.679165738570548	0.74839	0.93015	0.495888490454308	0.679165738570548	4135	1.45E-011	5.05E-002	4082	8349	4	
1.7156E-07	0.0797	1.71545527227757E-07	0.0796997794764633	0.051311	0.24628	0.051310687433553	0.246278679481819	0.22918	0.4495	0.229184761394532	0.449495533177682	0.49589	0.67917	0.495888490454308	0.679165738216421	0.74839	0.93015	0.495888490454308	0.679165738216421	17224	1.45E-011	5.05E-002	17130	26082	4	
1.7156E-07	0.0797	1.71545527227757E-07	0.079699779660901	0.051311	0.24628	0.051310687433553	0.246278679509839	0.22918	0.4495	0.229184761394532	0.44949553293538	0.49589	0.67917	0.495888490454308	0.679165737779639	0.74839	0.93015	0.495888490454308	0.679165737779639	3275	1.45E-011	5.05E-002	3275	13120	4	
1.7156E-07	0.0797	1.71545527338779E-07	0.0796997797740552	0.051311	0.24628	0.0513106874335532	0.246278679496751	0.22918	0.4495	0.229184761394532	0.449495532851881	0.49589	0.67917	0.495888490454308	0.679165738577339	0.74839	0.93015	0.748389918718681	0.930152737860962	3349	1.45E-011	1.33E-006	3349	33551	5	
1.7156E-07	0.0797	1.71545527227757E-07	0.0796997795733578	0.051311	0.24628	0.051310687433553	0.246278679343682	0.22918	0.4495	0.229184761394532	0.449495533161213	0.49589	0.67917	0.229184761394532	0.449495533161213	0.74839	0.93015	0.229184761394532	0.449495533161213	6534	1.45E-011	1.57E-001	6520	6814	3	
1.7156E-07	0.0797	1.71545527227757E-07	0.0796997795902844	0.051311	0.24628	0.0513106874335532	0.246278679455955	0.22918	0.4495	0.229184761394532	0.449495533325105	0.49589	0.67917	0.495888490454308	0.679165738614774	0.74839	0.93015	0.748389918718681	0.930152737909952	11455	1.45E-011	1.33E-006	11455	21424	5	
1.7156E-07	0.0797	1.71545527227757E-07	0.0796997795482562	0.051311	0.24628	0.0513106874335532	0.246278679362446	0.22918	0.4495	0.229184761394532	0.449495533258615	0.49589	0.67917	0.495888490454308	0.67916573812419	0.74839	0.93015	0.495888490454308	0.67916573812419	6538	1.45E-011	5.05E-002	6538	25420	4	
1.7156E-07	0.0797	1.71545527227757E-07	0.079699779737943	0.051311	0.24628	0.051310687433553	0.24627867935769	0.22918	0.4495	0.229184761394532	0.449495532967315	0.49589	0.67917	0.495888490454308	0.679165737908629	0.74839	0.93015	0.748389918718681	0.930152736870319	5729	1.45E-011	1.33E-006	5712	30262	5	
1.7156E-07	0.0797	1.71545527227757E-07	0.0796997795307541	0.051311	0.24628	0.0513106874335532	0.246278679159005	0.22918	0.4495	0.229184761394532	0.449495533217752	0.49589	0.67917	0.495888490454308	0.679165737943954	0.74839	0.93015	0.748389918718681	0.930152737013293	6634	1.45E-011	1.33E-006	6542	20485	5	
1.7156E-07	0.0797	1.71545527338779E-07	0.0796997797910328	0.051311	0.24628	0.0513106874335532	0.246278679794159	0.22918	0.4495	0.229184761394532	0.449495533119325	0.49589	0.67917	0.495888490454308	0.679165737366714	0.74839	0.93015	0.748389918718681	0.930152737290368	4186	1.45E-011	1.33E-006	4186	29527	5	
1.7156E-07	0.0797	1.71545527227757E-07	0.0796997795225823	0.051311	0.24628	0.0513106874335532	0.246278679225009	0.22918	0.4495	0.229184761394532	0.44949553299837	0.49589	0.67917	0.495888490454308	0.679165737850537	0.74839	0.93015	0.748389918718681	0.930152737064522	11507	1.45E-011	1.33E-006	11430	28682	5	
=============================================================
Function                             :	 F4
Mean Fitness Evaluations [Global]    :	 7186.48
Mean Error [Global]                  :	 1.45E-011
Std. Dev. Error [Global]             :	 1.63E-017
Sucess [Peaks Found]                 :	 86.40%
Sucess [All Peaks Found]             :	 48.00%
Sucess [Global]                      :	 100.00%
Mean Error [Local]                   :	 4.00E-002
Std. Dev. Error [Local]              :	 3.88E-002
Success [Local]                      :	 48.00%
Mean Fitness Evaluations [1st Peak]  :	 7072.48
Mean Fitness Evaluations [Last Peak] :	 19979.44
Truncated Mean
Mean Fitness Evaluations [Global]    :	 6641.65
Mean Error [Global]                  :	 1.45E-011
Std. Dev. Error [Global]             :	 0.00E+000
Sucess [Peaks Found]                 :	 86.50%
Sucess [All Peaks Found]             :	 45.00%
Sucess [Global]                      :	 100.00%
Mean Error [Local]                   :	 3.86E-002
Std. Dev. Error [Local]              :	 3.51E-002
Success [Local]                      :	 45.00%
Mean Fitness Evaluations [1st Peak]  :	 6519.80
Mean Fitness Evaluations [Last Peak] :	 19823.50
