5.89E-029	1.13E-028	100.00%	9218.52	3355.03	3.34E-014	6.40E-014	100.00%	13856.32	3633.43
1.10E-030	2.09E-030	100.00%	8300.08	2693.12	4.34E-029	8.17E-029	100.00%	12803.36	3283.16
2.52E-031	4.95E-031	100.00%	9180.28	3061.21	4.38E-028	8.56E-028	100.00%	11918.58	3157.88
9.62E-031	1.89E-030	100.00%	8006.46	2155.32	4.83E-027	9.27E-027	100.00%	11233.82	2850.43
6.31E-032	1.24E-031	100.00%	7816.90	1556.18	4.73E-021	9.27E-021	100.00%	9994.88	2301.86
1.64E-029	3.17E-029	100.00%	7238.50	1158.62	3.35E-029	6.09E-029	100.00%	10047.42	1980.45
4.02E-029	7.73E-029	100.00%	7307.44	1033.96	4.40E-026	8.53E-026	100.00%	9828.42	2015.34
1.94E-028	3.78E-028	100.00%	7719.74	1658.77	1.54E-027	2.96E-027	100.00%	9808.02	2302.03
1.58E-026	3.03E-026	100.00%	7350.14	1154.40	4.03E-027	7.58E-027	100.00%	8962.30	1327.42
5.68E-031	1.09E-030	100.00%	7523.10	1190.92	4.77E-028	9.03E-028	100.00%	9221.50	1533.98
7.89E-032	1.51E-031	100.00%	7333.82	1218.86	1.53E-029	2.78E-029	100.00%	9527.52	2068.87
2.41E-028	4.72E-028	100.00%	6991.48	1051.18	6.56E-028	1.21E-027	100.00%	8624.64	1119.82
6.40E-029	1.23E-028	100.00%	7107.30	882.31	3.45E-020	6.74E-020	100.00%	8786.08	1210.59
3.16E-031	6.06E-031	100.00%	7142.48	1214.97	3.86E-028	7.32E-028	100.00%	9237.16	1571.11
2.52E-031	4.95E-031	100.00%	6966.32	804.73	2.23E-029	3.92E-029	100.00%	8572.78	963.23
0.00E+000	0.00E+000	100.00%	7263.38	893.48	4.96E-026	9.44E-026	100.00%	8759.42	1138.44
1.58E-022	3.10E-022	100.00%	7585.52	1020.18	3.95E-023	7.74E-023	100.00%	9171.76	1534.05
1.02E-028	1.91E-028	100.00%	7201.96	860.44	3.51E-027	6.69E-027	100.00%	9369.70	1486.59
9.70E-028	1.90E-027	100.00%	7962.04	1573.86	1.71E-021	3.35E-021	100.00%	9185.08	1705.75
6.31E-032	1.24E-031	100.00%	7078.58	789.47	2.90E-019	5.68E-019	100.00%	8401.24	1067.21
5.41E-030	1.01E-029	100.00%	7171.10	1157.24	2.33E-028	4.27E-028	100.00%	8619.54	976.59
1.43E-028	2.74E-028	100.00%	6793.14	825.37	6.78E-029	1.26E-028	100.00%	8517.10	1280.14
1.48E-027	2.90E-027	100.00%	7153.74	758.72	3.98E-028	7.39E-028	100.00%	8585.30	1049.06
6.03E-018	1.18E-017	100.00%	7170.28	895.02	1.51E-018	2.96E-018	100.00%	8624.44	1211.28
1.23E-030	2.33E-030	100.00%	7274.36	1176.57	4.22E-026	8.22E-026	100.00%	8863.40	1547.03
9.94E-031	1.89E-030	100.00%	7306.46	898.09	4.24E-029	7.40E-029	100.00%	8419.50	905.10
7.57E-031	1.42E-030	100.00%	6840.00	741.28	1.08E-030	1.12E-030	100.00%	8514.70	1103.63
2.16E-024	4.24E-024	100.00%	6756.82	695.81	5.40E-025	1.06E-024	100.00%	8378.06	933.20
7.73E-030	1.38E-029	100.00%	7262.26	910.44	4.36E-030	6.00E-030	100.00%	8458.72	908.16
5.68E-031	1.07E-030	100.00%	7014.00	1022.44	2.18E-028	4.22E-028	100.00%	8776.60	1039.98
1.39E-027	2.69E-027	100.00%	6824.32	861.78	8.64E-028	1.61E-027	100.00%	8362.16	945.38
1.91E-030	3.59E-030	100.00%	6689.02	765.02	7.05E-026	1.37E-025	100.00%	7960.46	757.91
7.03E-028	1.38E-027	100.00%	6902.82	641.72	2.07E-025	4.06E-025	100.00%	8111.74	850.87
5.68E-031	1.07E-030	100.00%	6752.98	821.90	3.14E-029	5.66E-029	100.00%	8662.32	1098.72
7.89E-032	1.51E-031	100.00%	7113.32	971.45	2.69E-012	5.27E-012	100.00%	8507.06	1159.20
2.43E-027	4.74E-027	100.00%	7160.50	940.96	6.21E-028	1.18E-027	100.00%	8239.02	920.51
3.16E-031	6.06E-031	100.00%	6848.80	874.68	2.88E-030	4.23E-030	100.00%	8550.64	1026.37
2.52E-031	4.95E-031	100.00%	6981.66	816.44	3.60E-027	6.98E-027	100.00%	8435.22	961.05
2.52E-031	4.95E-031	100.00%	7351.76	917.30	6.30E-029	1.20E-028	100.00%	8520.08	1135.29
8.91E-030	1.75E-029	100.00%	7088.04	677.08	2.44E-029	4.58E-029	100.00%	8600.16	1133.95
4.18E-030	7.69E-030	100.00%	7059.40	953.74	1.05E-029	1.73E-029	100.00%	8391.00	832.60
4.58E-028	8.94E-028	100.00%	7119.76	754.70	1.30E-028	2.32E-028	100.00%	8269.12	641.06
2.65E-028	5.15E-028	100.00%	7036.40	949.90	6.75E-029	1.29E-028	100.00%	8221.90	717.16
3.16E-031	6.06E-031	100.00%	7090.62	936.07	1.40E-029	2.54E-029	100.00%	8487.72	1112.57
9.37E-029	1.79E-028	100.00%	7305.32	842.34	1.60E-005	3.14E-005	98.00%	8517.80	930.87
8.54E-029	1.63E-028	100.00%	6938.10	701.72	5.37E-026	1.05E-025	100.00%	8267.32	896.62
3.22E-030	6.05E-030	100.00%	6838.30	844.71	1.03E-003	2.01E-003	98.00%	8323.58	1053.09
5.05E-031	9.69E-031	100.00%	7171.58	933.04	1.55E-024	3.02E-024	100.00%	8338.84	976.41
3.82E-030	6.99E-030	100.00%	7153.96	923.48	1.89E-030	2.36E-030	100.00%	8270.42	691.12
5.77E-030	1.06E-029	100.00%	7265.30	871.86	1.59E-016	3.12E-016	100.00%	8316.10	775.01
1.17E-026	2.30E-026	100.00%	6705.28	632.93	2.95E-027	5.74E-027	100.00%	8287.00	927.40
1.57E-024	3.07E-024	100.00%	6956.36	908.37	3.92E-025	7.68E-025	100.00%	8378.64	729.83
1.01E-030	1.98E-030	100.00%	7105.26	844.70	7.36E-025	1.43E-024	100.00%	8346.46	960.21
4.76E-024	9.34E-024	100.00%	6813.32	858.52	1.19E-024	2.33E-024	100.00%	8462.16	942.72
3.31E-031	6.23E-031	100.00%	6833.10	683.38	3.61E-026	6.93E-026	100.00%	8061.12	645.24
1.91E-030	3.51E-030	100.00%	6763.58	654.50	3.78E-019	7.41E-019	100.00%	8294.26	894.05
7.10E-031	1.31E-030	100.00%	7148.04	915.20	6.72E-030	1.15E-029	100.00%	8227.84	728.88
2.73E-026	5.24E-026	100.00%	6734.82	707.92	6.83E-027	1.31E-026	100.00%	8282.30	919.46
3.72E-030	6.85E-030	100.00%	6844.96	703.60	8.41E-030	1.38E-029	100.00%	7991.26	629.96
3.35E-028	6.56E-028	100.00%	7281.92	885.79	4.13E-018	8.10E-018	100.00%	8380.96	811.48
2.71E-030	4.99E-030	100.00%	7036.30	885.39	2.47E-029	4.29E-029	100.00%	8461.08	1070.30
4.17E-026	8.18E-026	100.00%	6979.68	720.19	1.04E-026	2.04E-026	100.00%	8132.38	709.87
2.44E-029	4.77E-029	100.00%	7295.64	993.70	1.08E-029	1.77E-029	100.00%	8387.20	964.44
2.10E-030	4.03E-030	100.00%	7037.62	776.55	1.70E-030	2.14E-030	100.00%	8119.46	602.69
4.18E-005	8.19E-005	98.00%	7055.62	1014.63	1.04E-005	2.05E-005	98.00%	8204.62	820.24
3.08E-029	5.84E-029	100.00%	7426.90	731.95	9.06E-030	1.49E-029	100.00%	8368.16	736.18
1.26E-028	2.39E-028	100.00%	7002.12	718.02	3.27E-029	6.07E-029	100.00%	8294.44	598.15
1.52E-028	2.86E-028	100.00%	7016.74	587.03	3.90E-029	7.15E-029	100.00%	8076.22	556.03
3.92E-027	7.67E-027	100.00%	6863.94	861.37	9.99E-028	1.92E-027	100.00%	8189.96	827.15
2.52E-031	4.95E-031	100.00%	7143.40	775.54	3.83E-023	7.50E-023	100.00%	8107.30	697.48
1.58E-032	3.09E-032	100.00%	7290.08	825.60	4.71E-020	9.22E-020	100.00%	8315.02	826.55
1.07E-030	2.10E-030	100.00%	7117.30	979.73	5.31E-030	8.30E-030	100.00%	8212.62	918.66
3.22E-030	5.92E-030	100.00%	7080.80	1075.34	1.79E-030	2.36E-030	100.00%	8553.50	994.74
2.52E-031	4.95E-031	100.00%	7448.26	948.63	3.25E-027	6.23E-027	100.00%	8442.84	898.39
1.29E-030	2.42E-030	100.00%	6862.66	752.85	1.25E-027	2.28E-027	100.00%	8122.78	677.51
4.35E-030	8.23E-030	100.00%	7057.12	818.68	2.25E-030	3.17E-030	100.00%	8140.40	663.55
1.10E-029	2.11E-029	100.00%	6894.46	773.28	4.41E-027	8.61E-027	100.00%	8220.80	929.20
8.65E-030	1.61E-029	100.00%	7115.16	925.77	7.18E-030	1.14E-029	100.00%	8233.84	813.46
6.42E-029	1.23E-028	100.00%	7085.94	970.86	1.66E-029	3.07E-029	100.00%	8373.68	751.99
9.78E-031	1.89E-030	100.00%	6857.12	878.60	7.71E-030	1.26E-029	100.00%	8609.40	1258.52
2.52E-031	4.95E-031	100.00%	6950.56	723.34	7.77E-030	1.32E-029	100.00%	8319.44	645.58
1.46E-003	2.86E-003	98.00%	6801.34	826.33	3.65E-004	7.16E-004	98.00%	8217.90	933.16
7.57E-031	1.42E-030	100.00%	6924.88	697.47	1.22E-027	2.28E-027	100.00%	8073.42	679.29
2.77E-027	5.43E-027	100.00%	6863.66	802.11	9.34E-025	1.82E-024	100.00%	8055.44	687.68
7.57E-031	1.42E-030	100.00%	7014.06	832.78	1.43E-013	2.80E-013	100.00%	8082.48	548.32
5.21E-031	9.79E-031	100.00%	7041.36	878.74	1.54E-022	3.02E-022	100.00%	8080.66	747.31
3.23E-029	6.08E-029	100.00%	7080.22	853.44	2.29E-028	4.30E-028	100.00%	8160.72	735.16
0.00E+000	0.00E+000	100.00%	7248.70	814.06	2.98E-029	5.48E-029	100.00%	8248.44	885.47
4.62E-030	8.72E-030	100.00%	7445.16	1131.22	3.62E-030	5.63E-030	100.00%	8712.78	1330.99
1.03E-030	1.97E-030	100.00%	6838.66	736.66	2.77E-028	5.29E-028	100.00%	8044.88	777.82
6.38E-029	1.25E-028	100.00%	7115.62	920.32	4.77E-027	9.11E-027	100.00%	8037.20	598.26
2.52E-031	4.95E-031	100.00%	7229.26	889.18	5.42E-029	9.89E-029	100.00%	8311.26	690.03
7.06E-028	1.35E-027	100.00%	6741.76	697.10	1.44E-027	2.70E-027	100.00%	8244.78	829.36
8.99E-031	1.70E-030	100.00%	6947.28	930.79	1.20E-029	2.08E-029	100.00%	8109.92	725.11
6.31E-032	1.24E-031	100.00%	7056.72	617.43	1.18E-030	1.23E-030	100.00%	7895.46	570.64
8.01E-030	1.47E-029	100.00%	6877.66	830.82	4.05E-028	7.84E-028	100.00%	8047.16	677.75
2.18E-027	4.27E-027	100.00%	7048.10	826.78	2.15E-023	4.22E-023	100.00%	8169.54	954.67
9.02E-027	1.73E-026	100.00%	7052.64	769.49	2.33E-027	4.37E-027	100.00%	7936.86	602.95
4.00E-029	7.51E-029	100.00%	6728.24	679.33	2.39E-028	4.38E-028	100.00%	8208.56	839.17
