5	400	2.36E-029	4.19E-029	100.00%	10456.20	4948.05	2.04E-004	3.91E-004	96.00%	15753.44	6801.05
10	200	8.44E-023	1.65E-022	100.00%	9230.66	3479.47	2.31E-023	4.43E-023	100.00%	15003.42	5208.39
15	133	2.01E-014	3.93E-014	100.00%	8954.70	3301.64	1.10E-012	2.15E-012	100.00%	12397.34	3560.97
20	100	6.20E-022	1.22E-021	100.00%	8261.28	2202.21	4.07E-008	7.85E-008	100.00%	12534.94	3519.02
25	80	1.03E-029	1.97E-029	100.00%	7989.80	2295.71	3.93E-028	7.47E-028	100.00%	11144.96	2926.08
30	66	1.71E-009	3.36E-009	100.00%	7413.72	1214.95	4.29E-010	8.40E-010	100.00%	10836.74	2833.41
35	57	2.27E-030	4.45E-030	100.00%	7250.66	889.20	1.28E-029	2.30E-029	100.00%	9775.12	2267.36
40	50	2.10E-030	3.94E-030	100.00%	7052.06	1029.55	2.20E-024	4.30E-024	100.00%	9670.44	2070.55
45	44	1.83E-030	3.51E-030	100.00%	8210.84	1615.19	1.69E-029	3.03E-029	100.00%	9750.16	1988.29
50	40	1.05E-027	2.04E-027	100.00%	7162.70	1148.59	2.65E-028	5.11E-028	100.00%	10777.22	2670.11
55	36	1.46E-026	2.86E-026	100.00%	7568.60	1778.06	4.73E-027	9.06E-027	100.00%	10340.22	2458.87
60	33	2.52E-031	4.95E-031	100.00%	8281.10	1899.51	2.27E-028	4.44E-028	100.00%	10478.76	2311.97
65	30	1.33E-030	2.54E-030	100.00%	7576.94	1645.15	1.08E-023	2.12E-023	100.00%	10215.86	2394.74
70	28	2.01E-028	3.86E-028	100.00%	7408.12	1351.94	4.82E-028	9.04E-028	100.00%	10484.36	2171.62
75	26	6.31E-032	1.24E-031	100.00%	7914.16	1967.54	8.99E-022	1.76E-021	100.00%	10460.66	2267.71
80	25	5.06E-030	9.72E-030	100.00%	7908.90	1663.48	5.00E-030	7.81E-030	100.00%	10367.28	2476.86
85	23	1.26E-031	2.42E-031	100.00%	8081.20	1811.68	9.22E-029	1.74E-028	100.00%	11137.54	2353.65
90	22	0.00E+000	0.00E+000	100.00%	7483.02	1375.46	3.00E-030	4.63E-030	100.00%	10115.02	1780.75
95	21	1.41E-029	2.63E-029	100.00%	8585.22	2368.39	3.57E-005	6.99E-005	98.00%	11350.96	2748.22
100	20	4.98E-029	9.36E-029	100.00%	8239.82	1762.87	1.08E-025	2.10E-025	100.00%	11546.94	2671.29
105	19	0.00E+000	0.00E+000	100.00%	7799.22	1942.35	2.15E-027	4.12E-027	100.00%	11862.46	2620.75
110	18	1.05E-027	2.07E-027	100.00%	8601.22	2614.27	4.23E-025	8.29E-025	100.00%	11951.12	3175.43
115	17	2.02E-030	3.72E-030	100.00%	7230.42	1851.96	1.96E-028	3.58E-028	100.00%	13171.84	3309.16
120	16	1.51E-030	2.85E-030	100.00%	8223.60	2544.69	1.21E-027	2.32E-027	100.00%	12924.98	2924.54
125	16	0.00E+000	0.00E+000	100.00%	8638.38	2443.87	4.56E-026	8.93E-026	100.00%	11992.48	2740.14
130	15	1.64E-030	3.22E-030	100.00%	8194.82	2257.90	2.39E-026	4.68E-026	100.00%	11875.88	2466.71
135	14	6.42E-020	1.26E-019	100.00%	8079.84	2503.64	1.60E-020	3.14E-020	100.00%	12606.28	3022.00
140	14	5.05E-031	9.69E-031	100.00%	8719.16	2574.12	1.84E-027	3.42E-027	100.00%	12007.40	2968.32
145	13	3.04E-020	5.84E-020	100.00%	8133.14	2359.44	7.61E-021	1.46E-020	100.00%	12136.18	2580.64
150	13	3.94E-031	7.57E-031	100.00%	9136.22	4021.97	1.64E-017	3.21E-017	100.00%	12737.18	3348.20
155	12	9.23E-013	1.77E-012	100.00%	7847.78	2930.52	2.31E-013	4.43E-013	100.00%	12650.16	3137.09
160	12	7.98E-003	1.56E-002	98.00%	7869.84	2227.05	2.24E-002	4.22E-002	94.00%	13282.04	3663.29
165	12	1.51E-030	2.91E-030	100.00%	8080.84	2582.34	2.97E-004	5.70E-004	96.00%	13540.60	3586.17
170	11	4.16E-004	8.15E-004	98.00%	8019.60	3020.11	2.78E-004	5.34E-004	96.00%	13763.30	3314.95
175	11	2.54E-004	4.98E-004	98.00%	7213.76	1937.16	7.02E-004	1.35E-003	96.00%	12503.30	3582.68
180	11	2.44E-004	4.78E-004	98.00%	7906.80	2534.69	1.78E-001	3.48E-001	92.00%	12396.62	3222.50
185	10	7.83E-030	1.47E-029	100.00%	8445.14	2588.09	1.27E-001	2.46E-001	90.00%	13054.66	3288.45
190	10	7.88E-005	1.51E-004	96.00%	8607.14	2837.97	5.87E-004	9.09E-004	76.00%	14855.18	3801.56
195	10	2.97E-004	5.71E-004	96.00%	8540.22	2948.94	4.07E-004	7.35E-004	90.00%	13780.70	2923.58
200	10	2.52E-031	4.95E-031	100.00%	8873.88	3145.09	6.24E-004	1.14E-003	90.00%	14798.40	3893.70
205	9	7.57E-031	1.42E-030	100.00%	8912.30	3446.58	1.07E-001	2.08E-001	84.00%	13864.96	4096.03
210	9	9.74E-004	1.91E-003	98.00%	8926.20	3670.86	1.62E-001	2.96E-001	84.00%	14518.46	3879.33
215	9	9.52E-004	1.83E-003	96.00%	6870.16	2701.85	1.97E-003	3.23E-003	82.00%	13932.20	3365.90
220	9	3.69E-002	7.24E-002	96.00%	8950.60	3997.59	4.44E-002	8.44E-002	84.00%	14398.82	4444.36
225	8	6.07E-004	1.19E-003	98.00%	7551.38	2665.93	6.13E-001	1.18E+000	86.00%	13094.96	4045.55
230	8	2.59E-002	5.07E-002	94.00%	7597.14	3312.27	2.23E-002	4.05E-002	78.00%	13929.34	4128.19
235	8	1.01E-001	1.96E-001	96.00%	7304.34	3054.96	2.62E-001	4.89E-001	78.00%	14124.10	3202.50
240	8	1.85E-003	3.44E-003	88.00%	9737.84	5067.69	4.90E-002	9.49E-002	82.00%	15119.50	3921.86
245	8	2.80E-004	5.26E-004	94.00%	7443.52	3196.70	7.18E-004	1.18E-003	80.00%	14494.62	3815.78
250	8	3.16E-003	6.00E-003	94.00%	6949.84	2837.26	1.04E-002	1.80E-002	76.00%	15061.50	4325.28
255	7	1.56E-001	2.99E-001	96.00%	7738.46	3031.07	7.77E-001	1.48E+000	78.00%	13653.54	4510.79
260	7	9.90E-003	1.84E-002	92.00%	8588.32	3976.38	2.96E-002	5.35E-002	78.00%	14047.82	3652.60
265	7	2.00E-001	3.81E-001	90.00%	8297.28	3819.56	2.84E-001	5.38E-001	72.00%	15148.52	3779.40
270	7	1.09E-002	2.13E-002	98.00%	7856.34	3816.44	2.57E-001	4.75E-001	68.00%	15136.20	4852.89
275	7	2.42E-003	4.35E-003	90.00%	6830.86	2568.51	4.29E-003	6.37E-003	64.00%	15251.80	4136.82
280	7	2.63E-001	5.10E-001	96.00%	9003.92	4184.86	4.04E-001	7.55E-001	76.00%	14837.78	4254.94
285	7	2.97E+000	5.69E+000	88.00%	8145.54	3584.35	7.42E-001	1.42E+000	78.00%	15271.84	4413.34
290	6	5.47E-003	1.01E-002	92.00%	8337.32	4537.11	1.39E+000	2.67E+000	72.00%	16089.04	4066.48
295	6	1.33E-005	2.50E-005	94.00%	8465.96	3477.99	5.29E-001	1.02E+000	66.00%	15501.56	4382.09
300	6	1.08E-001	2.03E-001	94.00%	10341.00	5094.24	3.26E-002	5.75E-002	78.00%	15855.60	3902.84
305	6	1.28E-004	2.52E-004	98.00%	7487.96	2545.22	2.12E-001	4.13E-001	88.00%	15287.78	4579.35
310	6	3.54E-002	6.41E-002	90.00%	8858.20	4326.70	7.99E-002	1.43E-001	76.00%	16649.24	4801.49
315	6	9.22E-002	1.80E-001	92.00%	8562.42	4054.50	3.30E-002	6.11E-002	80.00%	15471.24	4459.28
320	6	1.10E+000	2.06E+000	88.00%	11103.98	5867.74	2.77E-001	5.15E-001	74.00%	17144.88	5446.40
325	6	1.04E-004	2.04E-004	98.00%	9555.62	4726.00	3.69E-003	6.60E-003	84.00%	15421.14	4166.40
330	6	3.65E-001	6.99E-001	90.00%	9552.42	4557.29	9.20E-002	1.75E-001	78.00%	17844.86	4876.90
335	5	1.11E-001	2.12E-001	88.00%	9409.22	4870.50	3.08E-001	5.68E-001	68.00%	16660.86	4058.55
340	5	2.36E+000	4.27E+000	74.00%	9469.44	4554.10	1.28E+000	2.13E+000	42.00%	15170.52	4141.18
345	5	6.09E-004	1.09E-003	88.00%	10373.98	5305.73	6.95E-001	1.30E+000	72.00%	15513.22	4167.01
350	5	2.02E+000	3.67E+000	80.00%	10770.24	5790.94	1.06E+000	1.65E+000	60.00%	17662.90	3821.09
355	5	5.69E-002	1.04E-001	84.00%	8241.36	3137.58	4.45E-001	7.24E-001	48.00%	16847.02	4357.86
360	5	6.44E-001	1.21E+000	84.00%	8534.46	3243.84	4.51E-001	7.60E-001	48.00%	17971.24	5227.53
365	5	1.86E-001	3.48E-001	86.00%	11501.62	5424.32	2.97E+000	5.27E+000	64.00%	17461.42	4580.03
370	5	5.68E-002	1.06E-001	86.00%	10900.68	5959.32	1.67E-001	2.94E-001	64.00%	18217.64	5911.21
375	5	6.72E+000	1.26E+001	70.00%	11582.44	6107.80	1.73E+000	3.15E+000	50.00%	17966.70	5786.34
380	5	1.95E-001	3.73E-001	94.00%	9761.26	4072.24	2.02E-001	3.26E-001	70.00%	18035.74	3921.30
385	5	1.38E-001	2.43E-001	84.00%	11331.56	4957.94	3.69E-002	6.15E-002	66.00%	17444.22	4839.62
390	5	2.64E-001	4.66E-001	84.00%	12471.70	6072.73	1.35E-001	2.27E-001	60.00%	19463.74	4231.17
395	5	1.78E-001	3.11E-001	76.00%	12816.48	5762.94	2.98E-001	4.75E-001	60.00%	18493.66	4648.18
400	5	9.23E-001	1.61E+000	80.00%	11154.10	5553.37	9.74E-001	1.43E+000	56.00%	19163.20	4593.68
405	4	2.81E-001	5.02E-001	82.00%	10423.74	4039.52	1.72E+000	2.74E+000	34.00%	16909.96	4299.20
410	4	1.47E+001	2.76E+001	90.00%	8640.62	4475.07	5.33E+000	8.91E+000	48.00%	17124.62	2641.26
415	4	3.05E-002	5.49E-002	86.00%	9347.92	4159.37	7.32E-001	1.26E+000	58.00%	15718.00	4251.96
420	4	8.19E-001	1.47E+000	82.00%	9597.90	4776.47	4.66E-001	7.09E-001	58.00%	16400.34	4265.31
425	4	8.70E-001	1.57E+000	84.00%	9739.64	4095.78	1.45E+000	2.13E+000	34.00%	16417.82	4523.81
430	4	3.16E-001	5.65E-001	80.00%	10144.50	5136.02	9.26E-001	1.65E+000	48.00%	17369.80	4577.38
435	4	1.89E+000	3.46E+000	86.00%	10019.50	5634.06	2.58E+000	4.06E+000	44.00%	17801.64	4021.79
440	4	2.05E-001	3.78E-001	90.00%	8273.04	4709.73	3.07E+000	4.75E+000	48.00%	17048.62	4084.48
445	4	2.45E+000	4.49E+000	80.00%	10863.16	6245.65	2.30E+000	3.70E+000	52.00%	17239.60	4894.82
450	4	6.60E-001	1.07E+000	78.00%	9547.40	6525.42	1.18E+000	1.80E+000	44.00%	18907.26	4128.08
455	4	6.09E-001	1.07E+000	86.00%	8268.16	4478.30	3.86E+000	6.08E+000	36.00%	17735.76	4515.69
460	4	8.17E-001	1.50E+000	84.00%	9066.96	5963.59	2.92E+000	5.04E+000	36.00%	20025.82	4530.71
465	4	1.60E-001	3.14E-001	96.00%	9844.44	5977.27	1.42E+000	2.44E+000	72.00%	20043.62	3876.16
470	4	1.62E+000	3.09E+000	86.00%	9234.62	5403.24	6.39E-001	1.04E+000	50.00%	18366.88	4720.37
475	4	2.27E-001	4.25E-001	86.00%	8916.50	6205.84	1.64E+000	2.43E+000	52.00%	20180.24	4985.18
480	4	5.16E-001	9.03E-001	80.00%	10065.14	6643.80	5.56E-001	9.32E-001	54.00%	18583.20	5148.79
485	4	9.44E-002	1.77E-001	94.00%	6988.34	5456.94	1.10E+000	1.78E+000	40.00%	18915.66	5747.31
490	4	2.74E-002	5.13E-002	90.00%	7730.28	5395.08	1.58E+000	2.56E+000	56.00%	20174.30	5155.70
495	4	8.39E-002	1.58E-001	90.00%	9031.28	5415.71	2.08E+000	3.93E+000	60.00%	19032.62	4643.03
500	4	2.73E-001	5.16E-001	88.00%	9387.48	7198.34	1.36E+000	2.42E+000	68.00%	18662.52	4985.82
505	3	3.77E-001	6.37E-001	78.00%	10084.68	5669.61	4.46E+000	6.51E+000	46.00%	16423.94	4351.42
510	3	3.09E-001	5.79E-001	92.00%	7481.54	4358.76	1.45E+000	1.96E+000	50.00%	16954.50	4609.86
515	3	5.37E-001	1.01E+000	94.00%	6129.18	4940.15	8.03E-001	1.22E+000	48.00%	16381.66	5058.25
520	3	5.53E-001	1.01E+000	78.00%	8795.66	5968.98	6.49E-001	1.12E+000	62.00%	15819.80	5222.87
525	3	8.29E+000	1.55E+001	80.00%	10336.14	5422.13	4.93E+000	8.75E+000	50.00%	15832.60	4085.12
530	3	6.02E-005	1.16E-004	96.00%	7188.14	4148.68	4.16E+000	6.67E+000	54.00%	15136.22	3306.28
535	3	8.26E-002	1.52E-001	92.00%	9916.92	5923.55	7.45E+000	1.28E+001	50.00%	17182.48	4314.20
540	3	1.87E-001	3.49E-001	88.00%	9004.36	6212.58	7.16E-001	1.19E+000	66.00%	16285.82	4744.10
545	3	1.13E+000	2.09E+000	82.00%	8381.88	7005.39	1.02E+000	1.61E+000	54.00%	18543.34	4671.84
550	3	1.63E+000	3.05E+000	86.00%	7439.92	5124.80	3.01E+000	4.99E+000	50.00%	15587.74	4932.15
555	3	3.97E-001	6.98E-001	78.00%	9252.76	7211.96	5.19E+000	8.82E+000	44.00%	18683.88	4569.39
560	3	9.15E-002	1.59E-001	76.00%	8927.58	6406.61	2.70E+000	4.00E+000	30.00%	19486.46	4400.39
565	3	2.52E-001	4.67E-001	86.00%	9980.00	6662.60	5.18E+000	9.03E+000	58.00%	18112.88	4763.14
570	3	4.57E-001	8.04E-001	84.00%	7774.80	6071.02	2.25E+000	3.65E+000	48.00%	19691.24	3947.96
575	3	4.13E-002	7.89E-002	92.00%	8247.92	5837.17	5.48E-001	9.10E-001	66.00%	17506.58	4950.79
580	3	5.43E-001	1.01E+000	88.00%	8402.12	5592.71	4.72E-001	8.62E-001	64.00%	18510.42	4216.46
585	3	7.90E-003	1.49E-002	94.00%	8271.64	6072.74	1.88E+000	2.83E+000	50.00%	19180.90	4558.31
590	3	2.42E-003	4.64E-003	96.00%	7617.88	5891.88	7.69E-001	1.32E+000	70.00%	18293.10	4374.54
595	3	6.27E+000	1.18E+001	84.00%	7900.36	5284.70	2.16E+000	3.69E+000	52.00%	19425.88	3328.88
600	3	1.34E+000	2.29E+000	78.00%	11493.12	8244.05	8.11E-001	1.21E+000	52.00%	20609.84	4008.23
605	3	8.20E+000	1.57E+001	90.00%	6972.26	5055.00	2.83E+000	4.88E+000	66.00%	17612.12	6087.84
610	3	1.87E-001	3.55E-001	86.00%	8886.76	6533.11	6.42E-001	1.10E+000	56.00%	19628.46	4225.05
615	3	7.22E-001	1.39E+000	96.00%	9291.24	7111.45	1.20E+000	2.01E+000	56.00%	21353.78	4152.96
620	3	2.48E-003	4.69E-003	94.00%	7939.02	5909.87	2.50E+000	3.80E+000	50.00%	19450.24	5875.42
625	3	2.39E-004	4.49E-004	94.00%	6822.42	5569.15	3.01E+000	4.97E+000	54.00%	19841.06	4942.50
630	3	2.29E-001	4.48E-001	98.00%	5952.14	4597.28	1.61E+000	2.67E+000	56.00%	20480.24	4808.05
635	3	4.88E-001	8.97E-001	82.00%	10935.14	7934.14	4.58E+000	7.49E+000	48.00%	20659.06	4810.58
640	3	9.98E-001	1.71E+000	82.00%	10852.12	8348.67	1.21E+000	1.75E+000	58.00%	21190.40	5366.50
645	3	1.78E+000	3.18E+000	86.00%	12247.16	9105.06	6.80E-001	1.13E+000	60.00%	22296.56	4128.29
650	3	3.25E-002	6.10E-002	92.00%	8124.30	5067.76	7.50E-001	1.33E+000	66.00%	19007.90	5585.03
655	3	5.29E-001	9.81E-001	84.00%	10329.40	8376.54	4.91E+000	8.02E+000	52.00%	19906.20	5842.66
660	3	3.20E-001	5.98E-001	86.00%	10807.90	7969.92	1.23E+000	1.84E+000	58.00%	20633.06	4913.49
665	3	2.23E-001	4.29E-001	82.00%	8079.74	5894.06	2.92E+000	4.94E+000	60.00%	19373.46	4589.36
670	2	4.39E-002	8.61E-002	94.00%	5083.22	3586.20	6.86E+000	8.90E+000	44.00%	14623.26	5020.33
675	2	1.39E+000	2.50E+000	86.00%	6974.40	4628.57	6.60E+000	8.80E+000	34.00%	16257.82	3641.48
680	2	1.80E+000	3.52E+000	90.00%	7364.04	4900.93	5.46E+000	8.05E+000	52.00%	16259.96	3587.42
685	2	5.47E-001	1.01E+000	92.00%	7524.34	5344.44	3.49E+000	5.19E+000	42.00%	15035.00	4919.88
690	2	8.12E-001	1.39E+000	80.00%	6815.98	3966.10	2.52E+000	3.91E+000	54.00%	16134.78	4047.17
695	2	5.76E+000	1.02E+001	80.00%	7519.96	4951.59	3.45E+000	5.35E+000	26.00%	15403.68	5021.56
700	2	4.21E-001	7.24E-001	84.00%	9920.00	6268.44	5.32E+000	8.35E+000	46.00%	16894.20	3420.80
705	2	4.02E-001	6.48E-001	78.00%	7934.90	6753.58	8.40E+000	1.31E+001	46.00%	15383.78	5207.62
710	2	4.04E+000	6.71E+000	70.00%	8988.30	6425.32	5.22E+000	6.90E+000	32.00%	16261.64	3889.74
715	2	7.41E+000	1.26E+001	74.00%	8461.22	6078.17	8.08E+000	9.24E+000	28.00%	17212.28	3905.09
720	2	7.79E+000	1.48E+001	82.00%	7765.24	5422.83	4.29E+000	5.79E+000	40.00%	17707.84	3463.34
725	2	9.52E-001	1.55E+000	80.00%	7939.40	6370.62	4.30E+000	5.94E+000	38.00%	16556.50	4621.24
730	2	1.54E+001	2.89E+001	88.00%	8926.44	6639.88	5.65E+000	8.81E+000	26.00%	17593.40	4280.27
735	2	7.52E-001	1.36E+000	82.00%	6973.02	5831.23	3.23E+000	4.28E+000	34.00%	17779.08	3741.03
740	2	5.01E-001	9.14E-001	74.00%	8632.42	7064.06	3.45E+000	3.93E+000	24.00%	19627.52	2217.61
745	2	3.83E-001	7.18E-001	84.00%	7887.56	4566.10	5.48E+000	8.78E+000	40.00%	17140.86	4512.97
750	2	7.33E+000	1.31E+001	78.00%	9100.90	5743.51	5.65E+000	8.24E+000	42.00%	16598.20	5561.98
755	2	1.06E+000	1.85E+000	84.00%	7103.86	5124.85	6.83E+000	9.53E+000	38.00%	17137.92	5270.07
760	2	4.67E+000	8.58E+000	76.00%	7987.16	5802.39	5.64E+000	8.41E+000	38.00%	16829.62	5427.76
765	2	3.21E+001	6.06E+001	82.00%	9407.90	5816.40	1.04E+001	1.77E+001	52.00%	17616.26	4364.29
770	2	7.80E-001	1.43E+000	90.00%	7598.90	5080.44	3.58E+000	5.34E+000	38.00%	16659.34	5539.78
775	2	3.80E-001	6.99E-001	92.00%	7149.52	5194.08	1.53E+000	2.25E+000	54.00%	16751.44	4993.84
780	2	3.42E-001	6.20E-001	86.00%	8723.30	6252.42	2.14E+000	3.35E+000	42.00%	17826.42	4526.98
785	2	6.87E-001	1.32E+000	94.00%	8216.24	6062.21	2.61E+000	3.78E+000	60.00%	16328.42	6115.54
790	2	5.60E+000	9.90E+000	82.00%	9362.88	5534.48	4.92E+000	6.85E+000	40.00%	18085.44	4921.41
795	2	9.24E+000	1.73E+001	84.00%	7670.28	5649.16	6.31E+000	8.09E+000	40.00%	18471.18	5067.89
800	2	8.60E+000	1.64E+001	86.00%	9075.34	6458.85	6.92E+000	9.96E+000	32.00%	18801.88	5200.49
805	2	4.35E+000	7.57E+000	76.00%	10351.16	8410.84	8.17E+000	1.09E+001	46.00%	18593.46	4689.59
810	2	3.48E-001	6.10E-001	86.00%	8008.56	5927.90	5.90E+000	8.41E+000	44.00%	18833.96	5004.06
815	2	1.92E+001	3.25E+001	76.00%	9353.04	6341.86	9.34E+000	1.17E+001	30.00%	19322.20	4599.04
820	2	1.15E+000	1.82E+000	74.00%	9297.72	7160.81	1.31E+000	1.84E+000	42.00%	17671.42	6289.20
825	2	3.39E+000	6.42E+000	92.00%	6919.10	4768.10	5.03E+000	6.32E+000	36.00%	19184.92	5417.52
830	2	2.79E+000	4.60E+000	80.00%	9210.28	6800.07	5.94E+000	7.24E+000	32.00%	20163.46	4022.16
835	2	1.79E+001	3.34E+001	78.00%	10095.34	7204.23	9.04E+000	1.39E+001	28.00%	19867.14	4700.52
840	2	3.04E-001	5.60E-001	92.00%	8315.14	7149.84	7.11E+000	9.97E+000	30.00%	21034.68	3709.73
845	2	2.88E+000	4.81E+000	82.00%	9757.00	7449.72	8.31E+000	1.23E+001	30.00%	19512.62	5231.54
850	2	6.08E+000	1.11E+001	86.00%	9420.58	6165.09	4.47E+000	6.81E+000	44.00%	19480.20	5170.76
855	2	2.06E+000	3.86E+000	88.00%	11043.70	7281.99	2.46E+000	3.37E+000	40.00%	20867.34	3877.30
860	2	1.54E+001	2.86E+001	74.00%	8466.64	6644.35	7.58E+000	1.10E+001	34.00%	19469.24	5777.78
865	2	1.11E+000	1.73E+000	78.00%	10463.72	8225.27	2.81E+000	3.14E+000	38.00%	20754.04	5014.74
870	2	1.07E+001	2.04E+001	86.00%	8710.44	6058.90	9.53E+000	1.36E+001	38.00%	20019.54	5562.31
875	2	2.65E+000	4.17E+000	70.00%	10528.24	8011.90	3.68E+000	5.06E+000	32.00%	21083.40	4602.05
880	2	1.83E+001	3.37E+001	78.00%	10790.66	7252.87	8.15E+000	1.27E+001	34.00%	20521.30	5225.28
885	2	9.39E-001	1.61E+000	86.00%	10365.30	8260.96	1.97E+000	2.78E+000	48.00%	20458.76	5483.07
890	2	1.41E+000	2.62E+000	82.00%	10682.80	6638.15	3.24E+000	4.20E+000	34.00%	20795.88	5189.89
895	2	4.54E+000	8.13E+000	76.00%	9742.84	6447.06	6.99E+000	9.45E+000	34.00%	20686.22	5573.66
900	2	3.07E+001	5.60E+001	76.00%	10989.48	7942.45	9.98E+000	1.61E+001	42.00%	20304.20	5606.13
905	2	1.09E+000	2.00E+000	80.00%	8302.00	5333.44	2.28E+000	3.04E+000	40.00%	19354.30	6753.90
910	2	2.33E+000	4.10E+000	88.00%	8203.84	5668.00	9.45E+000	1.34E+001	46.00%	20254.54	6268.00
915	2	6.83E-001	1.22E+000	88.00%	8867.62	7218.67	5.49E+000	8.23E+000	32.00%	23286.52	3096.79
920	2	2.94E+000	5.43E+000	88.00%	8898.88	6476.24	7.77E+000	1.12E+001	30.00%	21359.14	5775.60
925	2	8.17E-001	1.46E+000	84.00%	9450.88	6263.41	3.24E+000	4.41E+000	34.00%	21138.10	5564.34
930	2	7.18E-001	1.32E+000	90.00%	10742.24	7781.12	1.49E+000	2.35E+000	50.00%	20265.06	6346.44
935	2	1.07E+001	1.87E+001	74.00%	11921.68	8695.07	9.28E+000	1.32E+001	38.00%	22515.36	4541.06
940	2	1.12E+001	1.95E+001	74.00%	13822.52	8552.84	6.96E+000	9.86E+000	46.00%	21108.46	6461.35
945	2	6.16E-001	1.12E+000	86.00%	9743.22	7124.04	8.84E+000	1.26E+001	34.00%	22446.90	4902.63
950	2	6.58E+000	1.21E+001	84.00%	9741.48	7621.93	5.86E+000	8.22E+000	38.00%	21501.04	6014.51
955	2	5.59E+000	1.06E+001	82.00%	10097.16	6063.67	9.24E+000	1.33E+001	26.00%	22824.08	5362.88
960	2	2.89E+000	4.97E+000	78.00%	11182.26	7947.56	6.77E+000	9.92E+000	32.00%	22559.88	4993.55
965	2	2.49E+000	3.87E+000	68.00%	12990.10	8613.77	7.61E+000	1.00E+001	36.00%	22665.52	5824.03
970	2	1.04E+000	1.74E+000	84.00%	13258.48	9302.00	2.33E+000	2.98E+000	32.00%	24422.98	3471.63
975	2	6.11E+000	1.10E+001	84.00%	9467.46	6721.77	4.32E+000	6.07E+000	48.00%	21413.56	7358.30
980	2	9.10E+000	1.57E+001	70.00%	11768.54	7316.30	1.07E+001	1.63E+001	36.00%	22161.38	5879.05
985	2	5.43E+000	8.87E+000	78.00%	12673.30	8719.32	4.42E+000	5.33E+000	20.00%	24780.94	4137.14
990	2	3.87E+000	7.06E+000	78.00%	11271.40	9169.26	4.27E+000	6.52E+000	42.00%	21880.74	7735.45
995	2	7.96E+000	1.39E+001	80.00%	10311.40	7666.50	7.47E+000	7.64E+000	22.00%	24750.10	4152.03
1000	2	2.31E-001	4.07E-001	80.00%	9319.24	6893.77	8.01E+000	1.15E+001	42.00%	23635.92	5954.00
1005	1	2.68E-001	4.19E-001	78.00%	7769.10	3719.59	3.90E-001	5.26E-001	48.00%	12143.00	1743.60
1010	1	4.56E-002	8.22E-002	90.00%	5096.70	3111.76	4.42E+000	6.83E+000	50.00%	11020.46	2673.26
1015	1	0.00E+000	0.00E+000	100.00%	3922.44	2275.56	1.16E+000	2.04E+000	66.00%	10841.78	1962.31
1020	1	4.80E+000	8.16E+000	80.00%	7385.44	3883.25	2.57E+000	3.75E+000	38.00%	12188.38	1745.05
1025	1	5.09E+000	8.74E+000	76.00%	6577.26	3624.76	3.06E+000	4.78E+000	48.00%	11340.32	2087.23
1030	1	5.18E-001	9.45E-001	86.00%	5781.16	3677.95	3.57E+000	5.77E+000	40.00%	11849.84	1845.47
1035	1	6.85E-001	1.14E+000	64.00%	8011.76	3969.09	3.28E+000	5.16E+000	36.00%	12295.46	1587.69
1040	1	1.03E+000	1.74E+000	84.00%	6823.96	3931.32	3.49E-001	5.06E-001	58.00%	11645.20	2429.19
1045	1	3.20E-001	4.99E-001	76.00%	7192.34	3402.95	1.04E+000	1.59E+000	50.00%	11399.50	1988.62
1050	1	1.98E+000	3.32E+000	80.00%	5207.30	4061.41	5.51E-001	8.85E-001	44.00%	12385.98	2200.38
1055	1	4.54E-005	8.72E-005	96.00%	5575.34	2572.60	1.56E+000	2.40E+000	60.00%	11963.76	2068.46
1060	1	1.69E+001	3.06E+001	76.00%	6235.30	4686.94	5.28E+000	7.80E+000	42.00%	12618.22	1828.86
1065	1	1.53E-003	2.87E-003	90.00%	6988.56	3035.33	6.67E-002	9.53E-002	62.00%	12242.94	2393.57
1070	1	5.53E-001	1.00E+000	82.00%	6532.62	3558.00	7.21E-001	1.29E+000	74.00%	11165.44	1508.43
1075	1	4.85E-001	8.32E-001	80.00%	8406.62	3576.31	6.94E-001	8.55E-001	34.00%	12718.28	2273.21
1080	1	3.52E+000	6.33E+000	90.00%	6188.22	3538.41	4.06E+000	6.54E+000	40.00%	12441.42	2089.54
1085	1	3.68E-001	6.64E-001	88.00%	5816.58	3835.83	6.68E-001	9.35E-001	54.00%	12653.60	1849.61
1090	1	1.06E+000	1.84E+000	80.00%	7315.00	4278.32	5.09E+000	7.25E+000	42.00%	12960.74	2112.56
1095	1	9.95E-001	1.71E+000	86.00%	5450.66	3431.04	2.98E+000	4.10E+000	40.00%	12517.38	2091.38
1100	1	7.79E-001	1.36E+000	80.00%	6536.50	4505.86	4.95E-001	6.35E-001	40.00%	12745.16	2280.36
1105	1	3.23E+000	5.14E+000	78.00%	7765.14	3697.65	3.57E+000	4.76E+000	34.00%	13356.32	1462.42
1110	1	8.09E-001	1.38E+000	76.00%	7418.62	4551.34	1.71E+000	2.31E+000	48.00%	12524.02	2499.86
1115	1	6.26E-001	1.03E+000	78.00%	6697.54	4608.77	1.15E+000	1.68E+000	58.00%	12619.24	2390.64
1120	1	2.01E+000	3.43E+000	82.00%	6505.92	4453.99	2.19E+000	3.06E+000	44.00%	12186.22	3078.07
1125	1	2.77E+000	4.85E+000	80.00%	6316.84	4471.88	6.37E+000	9.37E+000	40.00%	13065.64	2030.43
1130	1	9.89E-001	1.71E+000	84.00%	7275.54	3704.38	1.54E+000	1.98E+000	36.00%	13291.62	2090.85
1135	1	3.75E+000	6.12E+000	74.00%	7174.30	4266.14	3.27E+000	5.07E+000	38.00%	12890.64	2577.57
1140	1	1.31E+000	2.35E+000	90.00%	7125.10	3959.86	8.06E-001	1.13E+000	46.00%	13461.62	1788.20
1145	1	5.84E-001	9.34E-001	80.00%	7204.24	4345.77	2.20E+000	3.04E+000	46.00%	12759.10	2796.33
1150	1	5.26E-002	1.01E-001	92.00%	7419.96	3779.25	2.47E+000	4.12E+000	46.00%	13560.04	2080.60
1155	1	2.50E+000	4.60E+000	86.00%	7335.80	4480.43	3.96E+000	5.78E+000	42.00%	13591.66	1993.87
1160	1	2.66E+000	4.90E+000	84.00%	7409.16	4202.19	1.28E+000	2.01E+000	48.00%	12873.00	2709.24
1165	1	1.73E+000	2.56E+000	66.00%	8908.06	4883.58	8.80E-001	1.27E+000	40.00%	13273.04	2701.23
1170	1	7.51E-001	1.29E+000	86.00%	6615.68	4444.15	1.59E+000	2.31E+000	62.00%	12687.94	2815.86
1175	1	4.61E-001	8.33E-001	84.00%	7309.14	4326.71	1.33E+000	1.87E+000	46.00%	13175.80	2762.46
1180	1	9.81E-001	1.67E+000	78.00%	8359.80	4546.58	1.30E+000	2.18E+000	58.00%	12884.54	2592.19
1185	1	3.26E-001	5.89E-001	84.00%	5512.72	4230.56	2.80E+000	4.03E+000	52.00%	12420.56	3217.30
1190	1	5.33E-001	9.79E-001	88.00%	5732.08	3302.83	3.74E+000	5.47E+000	36.00%	13793.94	2078.24
1195	1	6.65E-001	1.16E+000	80.00%	7730.80	5288.32	2.36E+000	3.10E+000	50.00%	13958.24	2174.84
1200	1	1.11E+000	1.76E+000	68.00%	8764.54	4852.97	1.81E+000	2.34E+000	16.00%	15752.04	1414.26
1205	1	4.49E-001	8.23E-001	84.00%	6987.98	4335.62	4.73E+000	7.52E+000	42.00%	13605.64	3191.70
1210	1	7.68E+000	1.32E+001	78.00%	6857.66	5484.18	3.56E+000	4.96E+000	34.00%	14251.96	2422.66
1215	1	2.61E+000	4.37E+000	78.00%	7330.82	5788.25	1.39E+000	1.95E+000	48.00%	12884.60	3337.91
1220	1	3.17E+000	5.97E+000	88.00%	5687.22	3927.35	3.09E+000	5.23E+000	60.00%	13253.22	2510.54
1225	1	5.70E-001	9.12E-001	76.00%	8959.86	4939.74	1.55E+000	2.03E+000	44.00%	14652.04	2422.71
1230	1	6.30E-001	1.06E+000	78.00%	8376.28	4814.67	1.67E+000	2.24E+000	44.00%	13892.00	2733.68
1235	1	9.31E-001	1.65E+000	74.00%	9209.68	5194.23	2.48E+000	3.54E+000	30.00%	15344.32	1780.71
1240	1	6.68E-002	1.21E-001	82.00%	8447.78	4109.10	2.98E-001	4.01E-001	28.00%	15246.62	2107.03
1245	1	2.04E+000	3.42E+000	82.00%	7246.30	4458.02	9.61E-001	1.36E+000	52.00%	13800.08	2672.72
1250	1	3.50E-001	6.15E-001	84.00%	7661.14	4381.47	2.04E+000	3.18E+000	44.00%	14258.54	2909.39
1255	1	1.19E+000	2.10E+000	88.00%	7816.36	4067.87	4.16E+000	4.92E+000	32.00%	15369.52	1758.94
1260	1	1.21E+001	2.22E+001	88.00%	6550.80	4323.89	3.99E+000	6.81E+000	68.00%	12732.20	2371.55
1265	1	6.50E+000	1.11E+001	70.00%	8996.52	5356.68	4.79E+000	7.15E+000	44.00%	14948.88	2475.75
1270	1	3.99E-002	7.65E-002	92.00%	7274.16	4633.19	2.05E+000	3.40E+000	58.00%	13996.60	2620.61
1275	1	9.36E+000	1.65E+001	76.00%	8141.98	5698.42	3.32E+000	4.92E+000	38.00%	15392.12	1817.47
1280	1	2.67E-001	4.80E-001	90.00%	7902.84	3893.33	1.61E+000	2.34E+000	54.00%	13775.58	2494.11
1285	1	7.29E-002	1.27E-001	86.00%	7776.58	4373.62	1.21E-001	1.74E-001	60.00%	13248.78	3090.15
1290	1	7.15E-001	1.27E+000	86.00%	6787.28	4881.70	7.96E-001	1.17E+000	38.00%	15277.92	2028.86
1295	1	5.60E-001	9.87E-001	82.00%	7681.06	4940.79	8.78E+000	1.59E+001	66.00%	13946.86	2443.74
1300	1	1.01E-001	1.79E-001	88.00%	8530.64	4789.98	1.96E+000	3.40E+000	60.00%	13874.60	2943.41
1305	1	4.35E+000	7.31E+000	80.00%	7689.64	6210.24	1.83E+000	2.54E+000	52.00%	14145.72	3177.15
1310	1	1.84E-001	3.45E-001	94.00%	6485.82	4254.39	2.72E+000	3.51E+000	44.00%	14231.74	3669.37
1315	1	1.46E+000	2.32E+000	72.00%	9633.96	5055.03	3.40E+000	5.51E+000	50.00%	14313.16	2857.96
1320	1	1.42E+000	2.32E+000	74.00%	8397.80	5029.49	3.33E+000	4.40E+000	28.00%	15860.42	2133.16
1325	1	1.00E+001	1.92E+001	86.00%	8335.12	4877.84	7.29E+000	1.05E+001	44.00%	14794.02	3217.50
1330	1	1.44E+000	2.25E+000	74.00%	10205.12	5009.72	1.65E+000	2.31E+000	50.00%	15190.44	2466.24
1335	1	4.08E-001	6.64E-001	78.00%	8122.34	4827.71	4.22E-001	5.81E-001	56.00%	14197.56	3164.47
1340	1	5.09E-001	9.19E-001	78.00%	8146.08	5586.13	5.92E+000	9.14E+000	42.00%	14728.32	3322.47
1345	1	1.64E+000	2.95E+000	78.00%	7990.66	5535.46	1.46E+000	2.09E+000	44.00%	15188.08	2979.67
1350	1	5.26E-001	8.63E-001	82.00%	7797.20	4908.96	2.40E+000	3.74E+000	54.00%	14205.16	3285.77
1355	1	2.54E+000	4.62E+000	80.00%	9670.66	4519.84	1.91E+000	2.73E+000	46.00%	15392.48	3182.56
1360	1	1.11E+000	1.95E+000	70.00%	11249.00	4903.84	2.38E+000	3.84E+000	32.00%	16634.20	2110.32
1365	1	6.20E-001	1.07E+000	80.00%	9002.02	4769.10	1.20E+000	1.61E+000	40.00%	15445.00	3287.72
1370	1	4.01E-001	7.48E-001	88.00%	7541.32	4639.13	1.70E+000	2.62E+000	68.00%	14122.46	2566.33
1375	1	1.07E+000	1.80E+000	84.00%	7541.92	5332.70	1.57E+000	2.29E+000	52.00%	15593.44	2719.02
1380	1	6.09E+000	1.10E+001	68.00%	10071.14	6161.56	5.63E+000	8.98E+000	42.00%	15753.46	3184.59
1385	1	1.61E+000	2.95E+000	86.00%	6972.78	4612.75	1.07E+000	1.51E+000	52.00%	15095.80	3287.79
1390	1	2.53E+000	4.13E+000	66.00%	10577.22	6111.09	3.05E+000	4.07E+000	24.00%	17344.36	2121.19
1395	1	3.81E-001	7.10E-001	90.00%	7045.00	4521.72	1.29E+000	1.72E+000	58.00%	15086.60	3431.10
1400	1	7.32E-001	1.38E+000	94.00%	6171.82	4619.30	3.51E+000	4.61E+000	46.00%	15292.32	3427.21
1405	1	3.26E+000	5.61E+000	78.00%	9589.46	5356.40	2.87E+000	4.60E+000	52.00%	15862.90	2819.10
1410	1	5.99E-001	1.04E+000	84.00%	7612.54	5544.83	8.48E-001	1.22E+000	46.00%	15554.14	3068.57
1415	1	2.99E-001	5.07E-001	82.00%	9102.16	5778.99	4.26E+000	5.88E+000	30.00%	16806.26	3290.66
1420	1	4.12E-001	7.33E-001	80.00%	8623.50	5788.14	3.00E+000	5.04E+000	48.00%	15092.64	3806.17
1425	1	2.72E+000	4.90E+000	82.00%	8399.34	5445.53	4.00E+000	5.41E+000	50.00%	16314.50	3077.42
1430	1	4.49E-001	8.41E-001	90.00%	8181.92	5100.20	3.39E+000	4.97E+000	46.00%	16438.62	3253.13
1435	1	6.30E+000	1.06E+001	72.00%	10881.86	6222.14	4.48E+000	6.07E+000	38.00%	17089.58	2463.96
1440	1	6.76E+000	1.09E+001	74.00%	10897.54	5779.60	3.06E+000	4.42E+000	48.00%	16537.46	3184.40
1445	1	3.88E-001	6.77E-001	84.00%	8726.40	5488.37	8.57E-001	1.24E+000	48.00%	15156.60	4191.46
1450	1	6.72E-001	1.15E+000	80.00%	10434.32	5656.45	1.25E+000	1.64E+000	42.00%	17094.00	3115.68
1455	1	1.04E+000	1.95E+000	94.00%	6738.96	4698.31	5.18E+000	8.71E+000	54.00%	16124.00	3069.96
1460	1	2.12E+000	3.12E+000	64.00%	11262.92	6061.46	1.81E+000	2.01E+000	36.00%	16895.66	3075.60
1465	1	1.73E+000	2.96E+000	82.00%	9252.12	5538.11	2.48E+000	3.84E+000	60.00%	14997.90	3151.85
1470	1	5.55E-001	9.38E-001	84.00%	8819.44	5262.20	3.08E+000	4.58E+000	44.00%	16812.94	3137.39
1475	1	7.54E-001	1.26E+000	80.00%	8312.26	5556.10	2.57E+000	3.67E+000	40.00%	16169.22	3996.10
1480	1	2.37E+001	4.43E+001	90.00%	8034.24	4416.77	7.14E+000	1.17E+001	46.00%	16117.62	3974.57
1485	1	3.77E+000	6.08E+000	60.00%	12111.02	6614.54	1.67E+000	2.16E+000	36.00%	17780.10	3022.46
1490	1	5.36E+000	9.92E+000	84.00%	8046.90	5437.93	3.72E+000	6.25E+000	60.00%	15166.80	3868.61
1495	1	3.42E-001	6.21E-001	82.00%	9349.18	6713.62	1.34E+000	1.98E+000	52.00%	17021.88	3117.00
1500	1	3.11E+000	5.57E+000	76.00%	11730.12	5433.02	2.78E+000	3.71E+000	32.00%	17558.98	3963.95
1505	1	2.15E+001	3.95E+001	74.00%	10616.40	6322.99	1.37E+001	2.19E+001	50.00%	16688.64	3352.72
1510	1	1.60E+000	2.30E+000	66.00%	10952.36	6738.96	2.01E+000	2.81E+000	36.00%	17964.06	2260.24
1515	1	7.56E-001	1.32E+000	82.00%	8096.38	6066.98	1.23E+000	1.94E+000	58.00%	16966.44	2736.73
1520	1	3.01E+000	5.43E+000	86.00%	9066.36	5729.43	2.13E+000	3.57E+000	60.00%	16404.70	3060.12
1525	1	5.17E-001	9.18E-001	80.00%	9095.18	5544.98	1.25E+000	1.94E+000	54.00%	16495.14	3583.02
1530	1	8.99E-001	1.51E+000	84.00%	8124.78	5324.74	1.33E+000	1.77E+000	32.00%	17687.00	3110.36
1535	1	2.78E-001	5.22E-001	94.00%	7521.06	4927.99	2.91E+000	4.00E+000	44.00%	17377.46	3938.00
1540	1	4.41E+000	7.25E+000	74.00%	9979.10	6674.87	3.46E+000	4.45E+000	46.00%	16866.88	3972.05
1545	1	4.51E+000	7.79E+000	76.00%	8833.42	6540.81	5.68E+000	8.54E+000	30.00%	18078.30	3549.54
1550	1	7.48E-001	1.30E+000	82.00%	8968.32	6375.07	8.93E-001	1.16E+000	52.00%	17386.94	2887.30
1555	1	2.88E+000	4.77E+000	70.00%	11929.86	5654.86	2.58E+000	3.71E+000	38.00%	17839.32	3725.80
1560	1	1.27E+000	2.07E+000	74.00%	10596.88	6320.62	5.93E-001	8.25E-001	52.00%	17054.88	4220.40
1565	1	4.08E+000	7.18E+000	84.00%	8331.30	5451.80	4.12E+000	5.29E+000	40.00%	17961.28	3134.38
1570	1	1.90E+000	2.87E+000	68.00%	12110.46	6376.08	1.54E+000	2.24E+000	40.00%	18018.50	3525.52
1575	1	9.60E-001	1.62E+000	74.00%	10958.14	5517.05	2.23E+000	3.10E+000	40.00%	18241.20	3546.07
1580	1	1.05E+000	1.80E+000	82.00%	9442.90	5752.78	8.32E+000	1.36E+001	34.00%	18541.22	3407.94
1585	1	9.78E+000	1.76E+001	68.00%	11061.72	6727.17	3.88E+000	6.21E+000	36.00%	17870.26	4651.33
1590	1	4.04E+000	6.98E+000	78.00%	10144.00	5961.56	3.41E+000	4.24E+000	28.00%	18861.72	3483.88
1595	1	7.00E-001	1.25E+000	86.00%	8748.32	6136.92	2.04E+000	3.12E+000	52.00%	16211.92	4376.92
1600	1	4.66E+000	8.06E+000	78.00%	10150.46	6918.74	4.25E+000	6.26E+000	40.00%	18299.08	3794.02
1605	1	3.12E+000	5.01E+000	76.00%	9244.60	6922.92	2.81E+000	3.83E+000	52.00%	16453.16	4389.99
1610	1	4.15E-001	6.19E-001	64.00%	13337.02	6555.66	1.59E+000	2.38E+000	40.00%	18167.42	4159.94
1615	1	5.92E+000	7.83E+000	56.00%	13605.78	7068.50	2.18E+000	2.80E+000	46.00%	18329.98	3558.58
1620	1	5.54E+000	1.01E+001	82.00%	9656.68	6082.11	1.94E+000	3.30E+000	50.00%	17436.10	3992.74
1625	1	6.78E-002	1.22E-001	90.00%	8371.20	6596.88	8.50E-001	1.29E+000	54.00%	18421.44	3346.32
1630	1	3.07E+000	5.31E+000	74.00%	10847.48	6963.78	1.26E+000	1.78E+000	44.00%	18013.24	4404.99
1635	1	3.17E-004	6.21E-004	98.00%	6622.82	3818.19	2.34E+000	3.72E+000	54.00%	17902.06	3114.86
1640	1	1.44E+000	2.59E+000	78.00%	11252.90	6173.55	1.06E+000	1.58E+000	50.00%	18291.10	3334.42
1645	1	3.39E-001	5.97E-001	88.00%	8087.30	4901.86	7.81E-001	1.14E+000	60.00%	16820.18	3547.48
1650	1	5.24E-001	8.95E-001	82.00%	10721.12	4908.38	4.39E+000	6.42E+000	44.00%	18552.10	3711.57
1655	1	5.16E-001	9.41E-001	88.00%	10019.38	6442.66	5.43E+000	8.27E+000	40.00%	18889.72	4245.64
1660	1	1.26E+000	2.05E+000	76.00%	10015.60	6868.78	1.00E+001	1.45E+001	32.00%	20010.00	2971.56
1665	1	2.54E+000	4.14E+000	78.00%	11108.54	6370.48	4.43E+000	5.52E+000	42.00%	19345.88	3473.78
1670	1	8.02E-001	1.46E+000	88.00%	8141.20	5660.31	1.03E+000	1.39E+000	42.00%	18708.52	3679.40
1675	1	1.66E+000	3.01E+000	80.00%	10668.08	6185.03	2.56E+000	3.83E+000	44.00%	19247.80	3939.43
1680	1	8.53E-001	1.57E+000	88.00%	8968.52	6036.14	1.81E+000	2.68E+000	50.00%	17390.18	4883.30
1685	1	1.55E+000	2.75E+000	84.00%	8692.52	6429.57	1.73E+000	2.43E+000	46.00%	18516.82	4052.31
1690	1	4.31E-001	7.68E-001	80.00%	9529.02	7264.30	3.92E+000	6.20E+000	46.00%	19160.02	3926.42
1695	1	3.25E+000	5.77E+000	86.00%	8462.72	6381.01	2.80E+000	4.16E+000	52.00%	19370.50	2959.32
1700	1	1.11E-001	1.85E-001	80.00%	11266.32	6068.43	1.07E+000	1.64E+000	50.00%	18332.36	4283.12
1705	1	1.96E+000	3.66E+000	86.00%	9156.62	5939.59	1.93E+000	3.12E+000	56.00%	17808.20	4323.46
1710	1	1.51E+000	2.74E+000	86.00%	9071.78	5717.50	3.99E+000	5.34E+000	48.00%	19287.86	3761.04
1715	1	9.93E-001	1.73E+000	80.00%	10314.24	6819.70	1.21E+000	1.42E+000	42.00%	19761.76	4127.86
1720	1	7.45E-001	1.26E+000	82.00%	8881.96	6641.35	2.23E+000	2.60E+000	38.00%	18384.64	5282.29
1725	1	8.40E-001	1.50E+000	78.00%	12398.06	5590.76	3.98E+000	5.67E+000	32.00%	20899.90	2672.76
1730	1	2.86E-001	4.89E-001	82.00%	11954.38	6111.77	3.95E+000	5.70E+000	42.00%	19827.80	3446.17
1735	1	2.34E+000	3.96E+000	80.00%	11772.56	6654.42	2.69E+000	3.91E+000	40.00%	19877.28	3733.04
1740	1	1.30E+000	2.26E+000	80.00%	9239.64	6611.70	4.67E+000	8.06E+000	48.00%	18032.66	4957.23
1745	1	4.40E-001	7.83E-001	86.00%	11030.10	6533.50	1.25E+000	1.78E+000	56.00%	18781.20	3789.74
1750	1	2.06E+000	3.42E+000	74.00%	10048.38	6952.79	9.74E-001	1.36E+000	44.00%	18539.38	4750.64
1755	1	6.26E+000	9.72E+000	56.00%	13895.94	8517.86	3.60E+000	5.24E+000	38.00%	20650.72	3501.57
1760	1	1.09E+000	1.78E+000	80.00%	10043.06	6685.07	1.37E+000	1.80E+000	48.00%	19035.46	4237.88
1765	1	4.22E+000	7.57E+000	88.00%	9187.60	6185.88	4.24E+000	6.06E+000	50.00%	19063.56	3126.92
1770	1	4.20E-001	7.82E-001	90.00%	10334.36	6037.55	7.80E+000	1.41E+001	56.00%	18869.04	3651.12
1775	1	8.15E-001	1.42E+000	86.00%	10336.74	7111.52	2.12E+000	3.21E+000	52.00%	20300.98	3519.58
1780	1	8.83E-001	1.60E+000	86.00%	10047.82	6492.82	1.48E+000	2.33E+000	68.00%	17678.54	3316.31
1785	1	4.90E-001	8.21E-001	80.00%	9787.58	7194.27	2.69E-001	4.13E-001	64.00%	18186.76	3951.22
1790	1	1.78E+000	2.93E+000	76.00%	11511.66	7311.45	2.40E+000	2.99E+000	42.00%	19910.10	4450.68
1795	1	4.46E+000	7.95E+000	82.00%	10467.44	6678.08	2.34E+000	3.58E+000	36.00%	20221.44	3789.44
1800	1	7.79E-001	1.40E+000	82.00%	10779.40	6556.55	9.79E-001	1.48E+000	56.00%	18791.26	4779.25
1805	1	3.10E+000	5.11E+000	76.00%	11390.48	7856.20	2.83E+000	4.09E+000	38.00%	20118.84	4781.32
1810	1	1.50E-001	2.89E-001	96.00%	7778.88	5568.45	2.87E+000	4.45E+000	64.00%	18774.06	3842.12
1815	1	5.61E-001	9.33E-001	76.00%	10155.08	7925.98	4.51E+000	6.93E+000	34.00%	20173.10	4969.95
1820	1	5.77E+000	1.07E+001	88.00%	8505.84	5941.86	7.10E+000	1.17E+001	44.00%	20683.68	3521.08
1825	1	5.04E-001	8.64E-001	70.00%	12772.76	8022.17	1.53E+000	2.32E+000	38.00%	21223.76	3604.08
1830	1	1.05E+000	1.83E+000	78.00%	11343.46	7759.56	5.41E+000	8.59E+000	48.00%	19731.32	5137.15
1835	1	9.91E-001	1.74E+000	76.00%	11112.08	7751.96	2.27E+000	3.35E+000	40.00%	20824.56	4669.06
1840	1	3.05E-001	5.66E-001	80.00%	10967.12	7080.31	2.73E+000	4.03E+000	30.00%	22506.00	3250.72
1845	1	3.30E+000	6.07E+000	90.00%	10115.26	6604.51	1.90E+000	2.75E+000	48.00%	19857.98	4836.10
1850	1	9.20E-001	1.65E+000	86.00%	8948.76	7035.67	3.42E+000	5.08E+000	44.00%	19259.36	6140.08
1855	1	7.43E-001	1.43E+000	90.00%	8285.76	5748.16	1.75E+000	2.50E+000	58.00%	18716.92	4327.23
1860	1	1.11E+000	1.88E+000	76.00%	9956.96	8089.63	1.41E+000	1.97E+000	36.00%	21317.18	4490.65
1865	1	3.25E+000	5.47E+000	80.00%	11869.28	7449.96	2.12E+000	3.15E+000	42.00%	20527.06	5125.13
1870	1	4.26E+000	7.62E+000	84.00%	9701.72	7873.70	4.48E+000	7.17E+000	48.00%	19505.74	5562.71
1875	1	7.16E+000	1.28E+001	72.00%	12751.90	7107.60	6.19E+000	8.49E+000	40.00%	21408.90	4284.24
1880	1	2.62E-001	4.81E-001	90.00%	9786.28	6280.50	1.52E+000	2.33E+000	56.00%	21189.18	4553.69
1885	1	1.55E+000	2.94E+000	86.00%	8951.06	6337.76	2.50E+000	3.65E+000	40.00%	21200.78	4327.62
1890	1	1.27E-002	2.28E-002	88.00%	10253.52	6474.86	3.90E-001	5.52E-001	40.00%	20951.14	5312.83
1895	1	4.08E-001	6.81E-001	80.00%	10476.48	8011.60	1.49E+000	2.09E+000	32.00%	21889.36	4501.47
1900	1	2.63E+000	4.36E+000	68.00%	13922.68	7574.84	3.17E+000	4.32E+000	42.00%	22113.08	3502.27
1905	1	1.94E+000	2.92E+000	64.00%	14758.80	8166.65	1.71E+000	2.37E+000	36.00%	22267.66	4349.52
1910	1	1.49E+000	2.53E+000	78.00%	12696.28	6992.29	1.53E+000	2.34E+000	52.00%	20897.34	4504.77
1915	1	8.15E-001	1.42E+000	78.00%	12631.78	7372.35	5.38E+000	7.82E+000	46.00%	21651.98	3974.90
1920	1	2.65E-001	4.77E-001	86.00%	11208.90	6879.42	3.01E+000	4.34E+000	48.00%	22194.42	4011.82
1925	1	9.31E-001	1.73E+000	82.00%	10967.88	7537.67	1.73E+000	2.72E+000	40.00%	21708.58	4728.70
1930	1	1.24E+000	2.27E+000	80.00%	11737.22	7436.28	2.00E+000	2.79E+000	32.00%	22823.04	3946.91
1935	1	1.28E+000	2.27E+000	86.00%	8890.12	6828.47	2.39E+000	3.26E+000	46.00%	21283.66	4370.85
1940	1	3.41E+000	5.55E+000	68.00%	13653.64	7984.87	2.00E+000	2.59E+000	28.00%	22678.02	3743.49
1945	1	1.16E+000	2.12E+000	84.00%	11355.92	7034.43	4.87E+000	7.87E+000	46.00%	21506.42	4741.75
1950	1	2.56E+000	4.47E+000	78.00%	12365.32	7032.67	2.57E+000	4.03E+000	54.00%	20924.28	4698.06
1955	1	1.94E-001	3.18E-001	82.00%	11202.48	7780.38	6.75E-001	8.78E-001	44.00%	22035.08	4198.63
1960	1	3.97E+000	7.13E+000	78.00%	12807.04	7768.83	2.29E+000	3.61E+000	52.00%	21337.36	4943.37
1965	1	7.47E-001	1.40E+000	92.00%	10205.86	5511.32	1.90E+000	2.61E+000	44.00%	21876.92	3687.33
1970	1	4.24E+000	7.49E+000	76.00%	13426.90	8303.85	7.12E+000	1.06E+001	36.00%	23361.94	3965.48
1975	1	1.15E+000	2.14E+000	92.00%	10826.28	6837.60	2.63E+000	3.70E+000	52.00%	21395.12	5078.12
1980	1	1.51E+000	2.81E+000	86.00%	10408.14	7616.64	9.98E-001	1.57E+000	50.00%	22542.30	4388.21
1985	1	4.31E+000	7.64E+000	76.00%	11354.66	8777.17	3.15E+000	4.62E+000	48.00%	21725.08	4264.16
1990	1	8.42E-001	1.47E+000	84.00%	10771.82	6886.90	2.23E+000	3.36E+000	54.00%	21520.30	4738.95
1995	1	3.42E+000	6.57E+000	94.00%	8501.14	5883.36	1.67E+000	2.91E+000	54.00%	22230.84	4135.92
2000	1	1.38E+000	2.37E+000	78.00%	11675.20	8651.91	4.32E+000	5.86E+000	40.00%	21487.84	5539.59
