371	8.02E-007	8.02E-007	371	371	
369	1.25E-005	1.25E-005	369	369	
349	2.55E-005	2.55E-005	349	349	
351	2.20E-007	2.20E-007	351	351	
200	1.30E-007	1.30E-007	200	200	
367	4.53E-006	4.53E-006	367	367	
826	2.70E-005	2.70E-005	826	826	
206	8.24E-005	8.24E-005	206	206	
213	6.37E-005	6.37E-005	213	213	
208	3.17E-006	3.17E-006	208	208	
362	2.47E-005	2.47E-005	362	362	
667	3.93E-006	3.93E-006	667	667	
513	4.62E-005	4.62E-005	513	513	
367	1.19E-005	1.19E-005	367	367	
368	1.37E-005	1.37E-005	368	368	
211	8.48E-005	8.48E-005	211	211	
183	5.47E-005	5.47E-005	183	183	
199	3.09E-005	3.09E-005	199	199	
493	1.59E-005	1.59E-005	493	493	
363	2.73E-007	2.73E-007	363	363	
510	2.09E-005	2.09E-005	510	510	
369	1.26E-005	1.26E-005	369	369	
213	3.11E-006	3.11E-006	213	213	
352	7.71E-006	7.71E-006	352	352	
353	3.11E-005	3.11E-005	353	353	
337	1.00E-004	1.00E-004	337	337	
205	2.24E-005	2.24E-005	205	205	
519	1.49E-005	1.49E-005	519	519	
512	2.01E-005	2.01E-005	512	512	
679	5.19E-006	5.19E-006	679	679	
201	1.95E-005	1.95E-005	201	201	
194	1.49E-005	1.49E-005	194	194	
206	6.85E-005	6.85E-005	206	206	
520	4.99E-005	4.99E-005	520	520	
210	1.55E-006	1.55E-006	210	210	
205	2.17E-005	2.17E-005	205	205	
356	7.28E-005	7.28E-005	356	356	
211	6.66E-006	6.66E-006	211	211	
520	3.51E-006	3.51E-006	520	520	
213	9.16E-005	9.16E-005	213	213	
348	2.71E-005	2.71E-005	348	348	
340	8.19E-006	8.19E-006	340	340	
194	2.68E-006	2.68E-006	194	194	
355	8.07E-005	8.07E-005	355	355	
196	2.67E-006	2.67E-006	196	196	
212	3.46E-005	3.46E-005	212	212	
351	7.69E-006	7.69E-006	351	351	
259	9.56E-005	9.56E-005	259	259	
333	4.75E-006	4.75E-006	333	333	
169	3.44E-005	3.44E-005	169	169	
356	4.35E-005	4.35E-005	356	356	
663	2.02E-005	2.02E-005	663	663	
225	7.87E-005	7.87E-005	225	225	
197	2.21E-006	2.21E-006	197	197	
491	3.02E-006	3.02E-006	491	491	
349	8.41E-006	8.41E-006	349	349	
203	5.58E-005	5.58E-005	203	203	
504	2.05E-006	2.05E-006	504	504	
366	2.15E-005	2.15E-005	366	366	
198	1.95E-007	1.95E-007	198	198	
514	2.19E-005	2.19E-005	514	514	
356	6.02E-006	6.02E-006	356	356	
367	8.11E-005	8.11E-005	367	367	
211	8.67E-005	8.67E-005	211	211	
193	2.24E-005	2.24E-005	193	193	
681	3.84E-005	3.84E-005	681	681	
343	7.31E-006	7.31E-006	343	343	
681	6.29E-006	6.29E-006	681	681	
357	6.47E-006	6.47E-006	357	357	
368	2.07E-005	2.07E-005	368	368	
358	8.43E-005	8.43E-005	358	358	
519	5.11E-006	5.11E-006	519	519	
367	4.00E-005	4.00E-005	367	367	
510	8.01E-007	8.01E-007	510	510	
359	5.57E-005	5.57E-005	359	359	
339	9.58E-005	9.58E-005	339	339	
202	7.38E-007	7.38E-007	202	202	
350	3.63E-006	3.63E-006	350	350	
203	8.45E-005	8.45E-005	203	203	
364	7.90E-007	7.90E-007	364	364	
525	8.67E-009	8.67E-009	525	525	
211	3.27E-006	3.27E-006	211	211	
364	2.57E-006	2.57E-006	364	364	
521	1.12E-007	1.12E-007	521	521	
521	5.02E-006	5.02E-006	521	521	
203	4.90E-005	4.90E-005	203	203	
207	1.19E-005	1.19E-005	207	207	
102	4.72E-005	4.72E-005	102	102	
352	4.98E-006	4.98E-006	352	352	
182	5.20E-005	5.20E-005	182	182	
368	3.39E-005	3.39E-005	368	368	
364	4.38E-005	4.38E-005	364	364	
201	8.61E-006	8.61E-006	201	201	
213	1.95E-005	1.95E-005	213	213	
211	9.11E-006	9.11E-006	211	211	
209	1.42E-006	1.42E-006	209	209	
57	9.00E-005	9.00E-005	57	57	
349	6.34E-006	6.34E-006	349	349	
101	6.24E-005	6.24E-005	101	101	
202	2.10E-005	2.10E-005	202	202	
Function                             : Sphere
Mean Fitness Evaluations [Global]    : 334.85
Mean Error [Global]                  : 2.77E-005
Std. Dev. Error [Global]             : 2.41E-005
Sucess [Global]                      : 100.00%
Mean Error [Local]                   : 2.77E-005
Std. Dev. Error [Local]              : 2.41E-005
Success [Local]                      : 100.00%
Mean Fitness Evaluations [1st Peak]  : 334.85
Mean Fitness Evaluations [Last Peak] : 334.85
988	1.31E-006	1.43E-005	78	7650	
667	1.97E-007	1.38E-005	570	9713	
2362	2.67E-006	1.40E-005	255	6267	
832	7.58E-010	5.24E-006	259	7232	
2384	1.02E-005	1.28E-005	230	8611	
2062	8.91E-009	1.33E-005	49	9837	
1599	2.31E-010	1.45E-005	88	8881	
1917	5.74E-006	4.10E-006	201	10298	
4856	3.04E-005	1.11E-005	325	7367	
2534	2.09E-006	4.58E-006	414	8668	
1203	1.08E-006	9.24E-006	357	9125	
205	6.37E-005	9.36E-006	205	8162	
1754	8.66E-006	1.72E-005	473	10986	
2063	8.23E-007	1.32E-005	211	8283	
5885	4.23E-005	7.98E-006	366	10964	
1452	1.07E-007	1.97E-005	259	8768	
5325	6.48E-008	2.46E-006	51	9567	
2231	3.06E-005	1.45E-005	57	7692	
2695	5.65E-007	9.33E-006	211	8132	
676	1.79E-005	1.11E-005	206	10165	
661	6.83E-005	1.87E-005	242	9547	
1615	6.13E-005	1.11E-005	212	7816	
791	6.31E-007	1.17E-005	213	9230	
5175	4.03E-007	1.51E-005	198	10217	
1144	4.76E-010	1.18E-005	210	10817	
8233	7.96E-005	9.36E-006	407	10973	
647	2.15E-005	9.85E-006	210	10495	
5783	9.01E-005	1.56E-005	47	12408	
1063	2.82E-005	1.26E-005	49	7936	
321	3.09E-005	2.07E-005	321	7341	
1720	1.43E-005	1.42E-005	178	10531	
1611	6.10E-006	1.59E-005	255	9414	
833	3.45E-007	1.20E-005	362	8589	
3467	1.76E-005	1.99E-005	150	8470	
2537	1.25E-011	1.27E-005	367	9223	
1452	7.27E-005	9.06E-006	362	11044	
2699	7.34E-008	2.09E-005	405	11056	
370	3.63E-007	4.39E-002	114	8928	
198	9.19E-007	1.93E-005	49	11987	
2209	3.32E-011	1.26E-005	256	9707	
1904	1.10E-006	1.14E-005	367	8456	
1131	8.72E-005	2.70E-002	206	8901	
3161	6.45E-006	9.72E-006	126	10193	
2221	2.12E-007	1.07E-005	519	8118	
6729	4.34E-005	1.30E-005	189	7513	
2212	3.12E-009	1.17E-005	0	11117	
7943	4.21E-006	1.15E-005	204	10951	
983	4.56E-006	1.28E-005	204	10924	
1145	6.28E-010	1.53E-005	58	10808	
521	1.76E-012	1.28E-005	58	8279	
3445	1.85E-010	1.86E-005	670	12789	
1138	7.19E-005	2.30E-005	265	8773	
1107	7.93E-007	9.60E-006	213	10126	
988	1.87E-006	3.79E-005	560	9831	
183	2.06E-006	7.07E-005	183	10784	
812	2.73E-005	1.43E-005	99	10690	
1605	7.95E-005	1.12E-005	402	8772	
1134	6.25E-005	1.17E-005	242	9534	
1446	1.26E-006	6.00E-004	46	11413	
4072	8.12E-008	1.50E-006	258	15567	
1199	9.99E-007	8.93E-006	211	9099	
2226	1.88E-005	4.98E-006	369	10684	
1796	4.56E-007	7.95E-006	340	8025	
658	1.47E-006	1.43E-005	97	7980	
666	3.91E-006	1.19E-005	258	11760	
1294	2.68E-008	1.08E-005	208	8616	
1761	2.73E-005	6.72E-006	719	12067	
825	3.04E-007	1.04E-005	367	12260	
2214	4.16E-008	1.22E-005	519	7834	
1596	8.24E-005	2.03E-005	136	7829	
4543	1.40E-010	1.64E-005	237	8285	
830	2.99E-006	1.99E-005	50	11286	
3452	1.62E-006	9.03E-006	61	8316	
1606	5.14E-009	2.03E-005	494	6635	
198	2.57E-005	3.98E-004	198	9718	
2381	9.98E-008	1.03E-005	245	8503	
4555	9.66E-008	8.79E-006	57	10380	
2387	1.35E-008	9.25E-006	361	8307	
1448	7.33E-011	1.32E-005	518	9517	
1891	3.06E-009	8.27E-006	207	8478	
2846	1.33E-011	4.38E-006	361	10251	
1142	3.22E-007	1.76E-005	98	8766	
1767	1.26E-006	5.44E-006	93	11616	
989	5.49E-010	1.49E-005	706	10005	
7476	2.22E-008	1.34E-005	518	11427	
4700	1.93E-012	1.28E-005	321	8750	
806	1.77E-005	8.25E-006	806	11079	
980	1.52E-006	1.92E-005	252	9683	
5001	3.78E-014	1.36E-005	559	9696	
962	1.25E-005	9.88E-006	519	8907	
822	1.71E-008	1.81E-005	42	7103	
34	3.41E-002	1.37E-003	34	11221	
2228	2.28E-005	9.20E-005	141	12831	
1138	4.39E-007	1.86E-005	100	7990	
1286	8.35E-005	1.21E-005	45	8624	
1303	5.59E-010	2.58E-004	115	7836	
2231	3.44E-006	8.77E-006	0	10820	
7346	3.53E-005	1.64E-005	209	10194	
2668	9.15E-008	8.24E-006	499	7547	
5327	1.23E-006	1.08E-004	246	9058	
Function                             : Foxholes2D
Mean Fitness Evaluations [Global]    : 2186.77
Mean Error [Global]                  : 3.55E-004
Std. Dev. Error [Global]             : 6.75E-004
Sucess [Global]                      : 99.00%
Mean Error [Local]                   : 7.50E-004
Std. Dev. Error [Local]              : 1.40E-003
Success [Local]                      : 93.00%
Mean Fitness Evaluations [1st Peak]  : 256.57
Mean Fitness Evaluations [Last Peak] : 9546.19
2845	1.57E-005	8.67E-003	0	12255	
2983	3.95E-005	2.86E-005	494	5475	
507	9.83E-007	2.70E-005	507	8222	
519	6.74E-006	2.14E-005	519	7767	
670	6.10E-005	2.95E-005	670	5766	
664	3.82E-007	2.28E-005	664	8393	
826	4.86E-005	3.16E-005	826	7771	
1139	8.22E-005	2.04E-005	874	8887	
668	5.60E-005	4.07E-005	668	17197	
1285	1.04E-005	2.29E-004	998	9315	
519	1.22E-005	1.12E-002	519	17487	
59	2.09E-001	2.32E-002	59	10233	
1907	3.97E-007	3.18E-005	523	8850	
820	4.31E-005	2.99E-005	820	5621	
517	3.60E-005	3.71E-005	517	7779	
799	2.48E-005	3.63E-005	356	6541	
1441	9.66E-005	3.11E-005	658	10390	
638	1.19E-005	2.73E-005	638	17962	
949	4.32E-006	2.47E-005	407	12568	
1439	7.41E-007	2.22E-005	1184	9635	
1139	1.11E-005	2.38E-005	1020	8079	
3911	7.36E-006	3.15E-005	865	6373	
2048	9.55E-005	3.58E-005	692	8236	
1111	7.36E-006	1.55E-005	514	9007	
829	2.26E-005	2.03E-005	714	10256	
971	5.53E-005	8.08E-003	23	6857	
3149	2.96E-005	7.02E-004	674	17029	
525	1.41E-006	1.92E-005	525	6683	
829	2.50E-005	2.03E-005	829	7287	
1294	4.96E-005	2.97E-005	724	6690	
798	8.55E-006	1.13E-003	798	6851	
521	2.32E-005	4.19E-005	521	7001	
2972	1.90E-006	2.07E-005	817	6074	
508	3.73E-005	2.26E-005	508	10384	
5154	1.46E-005	2.37E-005	671	5339	
523	1.56E-006	3.89E-005	523	7915	
2378	9.74E-006	2.23E-005	827	7929	
644	1.18E-005	2.53E-005	644	7777	
983	4.97E-005	4.40E-005	983	13478	
1426	1.55E-006	3.19E-005	555	10255	
648	2.16E-005	3.63E-005	648	10721	
523	2.14E-005	1.48E-005	523	8239	
4075	1.84E-006	1.06E-005	673	9625	
828	1.35E-007	2.52E-005	828	6237	
2050	1.64E-005	1.81E-005	801	11029	
4530	8.22E-006	3.76E-005	662	7777	
667	1.22E-006	2.97E-005	667	9018	
2364	2.05E-006	3.48E-005	665	15641	
829	7.16E-006	2.84E-005	710	11319	
966	3.30E-005	2.27E-005	966	7295	
1292	1.80E-005	1.04E-005	716	10392	
676	1.58E-005	3.60E-005	676	6862	
7662	1.02E-001	1.14E-002	516	8248	
2341	4.03E-005	3.13E-005	712	13014	
663	2.88E-005	2.52E-005	566	9011	
1423	2.83E-006	2.52E-001	78	6545	
516	3.47E-005	1.77E-005	516	4841	
817	2.51E-006	3.51E-005	714	11791	
362	1.85E-005	1.31E-002	362	10367	
949	6.60E-005	2.78E-005	874	15174	
2841	7.60E-005	3.55E-005	520	5778	
515	4.77E-005	1.39E-003	515	15012	
2368	8.43E-007	3.45E-005	668	8046	
1128	1.84E-005	2.36E-005	719	12869	
2978	9.40E-005	3.62E-005	1754	10707	
2828	2.89E-006	2.36E-005	713	15192	
1909	2.42E-005	3.81E-005	674	6391	
641	3.06E-005	2.90E-005	552	8074	
831	9.37E-008	4.20E-005	696	10695	
826	7.06E-006	2.62E-005	706	16249	
2210	2.75E-005	2.88E-005	985	22257	
675	2.04E-005	3.55E-005	675	8385	
952	4.04E-006	3.57E-003	952	14410	
818	1.48E-007	2.10E-005	818	9933	
810	9.63E-008	3.73E-005	720	12880	
2986	1.92E-006	1.15E-005	672	8854	
1438	3.42E-005	4.15E-005	720	11938	
1452	2.21E-005	1.86E-005	671	10414	
675	6.23E-007	2.01E-005	675	8859	
519	7.64E-005	3.55E-005	519	12708	
983	9.54E-006	3.88E-005	983	9621	
668	9.70E-006	2.30E-005	668	11777	
827	6.46E-006	2.60E-005	706	5768	
670	5.76E-005	1.23E-002	25	14259	
674	1.62E-005	3.06E-005	559	13023	
2372	2.60E-003	3.15E-004	178	7769	
364	7.52E-006	5.25E-005	364	9781	
340	3.22E-005	1.77E-005	340	7456	
675	4.60E-005	2.03E-002	675	6397	
824	2.22E-005	2.46E-005	824	9826	
3294	3.37E-006	2.93E-005	794	14741	
3143	7.66E-005	4.16E-005	523	7476	
831	1.78E-005	1.99E-005	521	10091	
1753	1.56E-005	2.69E-005	968	6213	
652	2.13E-005	1.98E-005	652	8858	
1755	2.49E-005	3.55E-005	361	6534	
1756	6.25E-005	2.45E-005	671	17634	
818	3.24E-006	1.97E-005	818	12080	
982	5.85E-006	3.14E-005	874	6996	
654	2.26E-006	1.76E-005	654	6234	
Function                             : Ratrigin
Mean Fitness Evaluations [Global]    : 1405.23
Mean Error [Global]                  : 3.16E-003
Std. Dev. Error [Global]             : 6.09E-003
Sucess [Global]                      : 97.00%
Mean Error [Local]                   : 3.70E-003
Std. Dev. Error [Local]              : 6.54E-003
Success [Local]                      : 85.00%
Mean Fitness Evaluations [1st Peak]  : 652.83
Mean Fitness Evaluations [Last Peak] : 9829.45
1609	8.02E-006	4.95E-006	554	38786	
1603	7.78E-005	3.20E-005	549	3783	
1282	8.21E-005	3.07E-005	1282	20778	
1286	8.69E-006	1.99E-001	1286	24152	
1112	9.73E-005	4.91E-005	873	9927	
981	1.37E-005	3.54E-005	981	30710	
1290	5.40E-005	1.99E-001	868	34555	
1443	2.59E-005	4.16E-005	1443	20588	
1446	9.34E-005	4.61E-001	521	8838	
1295	6.35E-005	3.48E-005	1295	19043	
1287	3.03E-005	2.08E-005	1019	3614	
1753	9.60E-005	4.36E-005	1753	21922	
1139	4.26E-005	1.28E-005	1139	40401	
1440	2.66E-005	5.73E-005	1440	15776	
972	9.61E-005	3.66E-005	972	13213	
1576	3.18E-006	3.56E-005	1576	6382	
1293	4.68E-006	2.67E-005	1293	12561	
1120	5.29E-005	1.94E-005	1120	3296	
1429	1.32E-005	1.13E-005	1429	15194	
2957	2.70E-005	2.10E-005	2957	20434	
1294	2.43E-005	1.06E-005	1294	9174	
1133	1.95E-005	1.82E-005	1133	23037	
1273	4.22E-005	4.36E-005	1273	29957	
1417	9.53E-005	4.67E-005	1023	7466	
1590	5.02E-005	3.52E-005	1590	11566	
1286	9.68E-005	2.06E+000	1286	1286	
958	8.64E-005	6.12E-005	958	44697	
1446	3.55E-005	4.35E-005	1446	10983	
1597	2.82E-005	8.17E-006	1597	29340	
1135	8.53E-006	4.57E-006	876	21479	
980	4.28E-005	3.01E-005	980	3319	
981	3.95E-005	5.02E-005	981	39648	
1562	3.95E-005	3.09E-005	1177	45194	
1281	5.25E-005	2.66E-005	1021	4388	
1435	4.42E-006	2.89E-006	1435	8221	
1260	1.06E-005	3.27E-005	1260	14840	
1440	4.21E-005	3.25E-005	1440	12220	
2231	5.67E-005	1.27E-003	2231	10100	
1444	2.81E-005	1.92E-005	1444	23042	
1113	3.19E-005	5.71E-003	1031	12607	
1426	6.46E-005	4.61E-001	1426	29692	
1139	3.15E-005	4.24E-005	1139	20251	
963	5.79E-005	4.72E-005	963	6998	
1291	4.40E-005	3.96E-005	1291	26736	
970	7.94E-005	3.87E-005	970	31379	
1572	8.23E-006	1.09E-005	1572	8710	
1436	4.09E-005	2.76E-005	1436	31494	
1137	5.71E-005	7.07E-003	1137	15020	
988	3.95E-005	2.76E-005	988	33007	
1145	1.32E-006	2.36E-005	1145	28436	
940	5.74E-005	1.99E-001	873	15806	
1282	4.13E-005	5.77E-005	720	10210	
1760	3.48E-006	2.66E-005	703	6709	
979	1.30E-005	4.15E-005	720	16586	
1137	3.30E-005	3.18E-005	1137	11488	
980	4.95E-005	3.94E-005	722	19620	
1257	3.74E-005	2.11E-005	1257	6690	
1293	4.20E-005	2.39E-005	1293	45185	
1291	4.45E-005	9.22E-001	1181	6388	
637	6.74E-005	3.06E-005	637	22759	
1132	2.36E-005	1.99E-001	1132	28160	
54	1.37E-001	2.75E-002	54	10035	
983	9.50E-005	3.37E-005	983	19143	
1286	3.69E-005	8.24E-006	1286	2837	
1440	5.90E-005	3.72E-001	1440	19217	
975	2.16E-005	1.81E-005	975	24878	
1445	2.99E-005	2.21E-005	1445	33062	
982	2.37E-005	1.73E-005	982	13483	
1446	3.77E-005	4.76E-005	718	7608	
1903	5.13E-005	2.29E-005	1026	9448	
1119	6.11E-005	3.61E-005	1119	19807	
1276	1.56E-005	2.09E-005	1008	22243	
1445	2.83E-005	2.62E-005	1445	23180	
1289	3.84E-005	4.73E-005	1289	21186	
971	4.58E-005	2.79E-005	971	5914	
1290	2.58E-005	1.99E-001	709	9313	
1450	3.84E-005	8.19E-005	1450	6224	
1135	1.30E-005	1.50E-005	1135	5940	
829	3.72E-005	1.99E-001	829	24739	
1597	1.43E-005	4.61E-001	1597	36280	
793	9.91E-005	5.15E-005	793	39038	
1132	2.27E-005	1.48E-005	1132	44258	
1111	2.26E-005	2.21E-005	1111	38157	
1127	9.69E-005	4.91E-005	1127	29852	
1446	6.38E-005	4.61E-001	1446	15991	
954	5.48E-006	2.33E-005	954	19203	
816	2.47E-005	2.17E-005	816	27162	
1132	7.27E-005	2.28E-005	1132	7599	
1127	8.36E-005	5.73E-005	537	13973	
1119	7.99E-005	2.03E-005	1119	17125	
1430	2.02E-005	3.38E-005	1430	25351	
1133	8.62E-005	7.06E-005	1133	33480	
1117	5.66E-006	1.15E-005	1117	15483	
1112	7.59E-005	5.15E-005	1112	34999	
819	6.87E-005	4.79E-005	819	45664	
1282	1.67E-005	1.08E-005	1282	21822	
1741	1.09E-005	5.53E-005	1175	34128	
1274	2.64E-005	4.06E-005	1274	44141	
1431	2.12E-005	3.23E-005	1431	4357	
1293	4.69E-005	1.54E-005	866	24091	
Function                             : Ackley
Mean Fitness Evaluations [Global]    : 1262.28
Mean Error [Global]                  : 1.42E-003
Std. Dev. Error [Global]             : 2.72E-003
Sucess [Global]                      : 99.00%
Mean Error [Local]                   : 6.44E-002
Std. Dev. Error [Local]              : 1.11E-001
Success [Local]                      : 83.00%
Mean Fitness Evaluations [1st Peak]  : 1145.35
Mean Fitness Evaluations [Last Peak] : 19982.52
1477	3.14E-002	1.27E-002	1289	35025	
33014	7.44E-003	1.20E-002	3897	33014	
13133	8.20E-006	1.78E-003	1288	41177	
14681	7.40E-003	8.78E-003	6961	28834	
2043	2.73E-007	8.30E-004	1931	22853	
14364	1.87E-005	2.64E-003	4348	44264	
22547	1.59E-005	9.17E-003	1908	27307	
13277	2.10E-006	1.50E-003	1943	43181	
6208	8.82E-005	1.90E-002	5123	38080	
26697	3.29E-004	4.30E-003	11600	32232	
498	7.40E-003	1.52E-002	498	33616	
31295	7.48E-003	1.45E-002	4215	33314	
3757	4.93E-005	1.07E-002	3757	32436	
24545	5.46E-005	5.73E-003	5133	43185	
2525	4.07E-005	8.80E-003	1798	33604	
1289	3.98E-007	2.86E-003	1289	35322	
366	7.46E-005	9.68E-003	366	34557	
829	9.72E-005	3.06E-005	829	10530	
8827	4.36E-006	2.09E-005	520	41482	
23612	7.49E-005	4.62E-003	2831	24230	
4500	3.23E-003	7.16E-003	1741	43209	
3134	8.50E-005	2.91E-003	828	33965	
1468	5.83E-002	1.02E-002	1112	28092	
10967	9.67E-003	1.01E-002	8654	25766	
12527	1.44E-005	2.73E-003	716	30828	
23893	8.55E-004	5.21E-004	6065	23893	
30090	7.43E-003	1.21E-002	6335	41206	
4174	2.24E-003	4.38E-003	3470	22666	
39491	9.06E-005	1.41E-003	3723	43772	
18849	4.31E-005	4.24E-005	1280	23760	
12381	6.93E-007	1.11E-002	2209	37935	
6681	3.76E-005	3.60E-005	3138	28698	
2972	6.75E-005	6.38E-003	1755	33601	
496	5.72E-005	2.91E-003	496	10362	
1641	5.60E-005	3.94E-005	1435	42715	
10685	4.87E-006	3.61E-005	3292	38867	
19151	3.16E-005	7.29E-003	8365	24582	
23977	3.20E-005	7.39E-005	658	23977	
8217	1.74E-004	2.42E-003	340	30541	
1151	7.42E-003	1.90E-002	866	41444	
3755	3.51E-005	1.97E-005	3755	44415	
3447	7.64E-005	5.74E-003	1644	18998	
6831	6.06E-005	5.49E-004	2484	44847	
10223	7.48E-003	7.52E-003	511	18071	
1128	7.46E-003	2.44E-002	1128	36234	
19898	5.63E-007	1.03E-002	672	43365	
10530	7.40E-003	1.02E-002	9916	37764	
8966	1.92E-007	3.88E-004	8054	31315	
15294	1.20E-006	2.58E-003	982	36553	
44268	2.52E-005	3.26E-002	88	44268	
3749	8.14E-003	7.17E-003	3749	38407	
35169	9.12E-006	5.99E-003	9599	39928	
521	8.75E-005	3.47E-003	521	31668	
6217	6.79E-006	3.94E-005	1744	18380	
977	7.40E-003	2.36E-002	977	39326	
4064	1.11E-007	2.85E-003	1601	24678	
9916	4.09E-007	5.55E-005	4987	39946	
10055	4.32E-005	7.77E-003	952	33475	
22696	2.83E-006	8.17E-005	3291	33010	
22855	7.49E-003	8.29E-003	21149	41025	
5795	4.37E-005	2.24E-005	5795	44850	
677	1.38E-005	1.99E-003	677	36762	
18224	2.66E-005	1.91E-003	2820	19610	
6827	2.51E-005	7.85E-003	3451	41011	
23458	2.57E-006	2.97E-005	9299	45796	
12223	3.03E-005	1.32E-002	2978	36522	
5910	6.50E-006	1.24E-002	1100	12831	
10071	7.52E-005	9.40E-003	665	15611	
19754	7.61E-005	3.20E-003	1461	33167	
15617	9.34E-006	5.74E-003	984	19625	
21157	2.31E-005	5.13E-003	6834	25526	
21616	3.83E-005	2.86E-003	3572	34091	
5739	7.48E-003	6.37E-003	3293	30397	
7437	3.62E-005	2.95E-003	971	44408	
3577	6.35E-006	9.27E-003	2568	41914	
23771	1.52E-005	2.55E-003	9724	42096	
12671	1.35E-004	1.31E-002	6058	33328	
15740	3.38E-006	6.01E-003	6066	40246	
1903	2.87E-005	1.08E-002	818	34092	
3568	4.21E-004	1.54E-003	226	17155	
25606	7.43E-003	4.19E-003	517	43037	
17464	7.45E-003	5.41E-003	1285	42067	
7756	9.15E-005	4.40E-003	4203	16520	
24992	5.90E-005	3.70E-003	1158	24992	
29938	8.50E-008	3.88E-005	5125	43167	
8065	3.82E-005	1.33E-002	3177	34837	
37783	1.29E-005	4.22E-005	23917	38703	
9880	2.83E-003	9.23E-004	2212	44074	
19773	5.03E-005	3.54E-003	9590	34442	
45347	7.42E-003	1.19E-002	10382	45347	
4985	6.40E-005	8.19E-003	3906	39950	
14264	1.81E-005	2.77E-004	3128	27938	
7911	5.90E-006	1.29E-002	6363	36098	
35458	5.29E-005	1.03E-002	2829	39943	
3752	3.16E-005	4.51E-003	1135	20826	
37166	5.96E-006	2.83E-003	6678	42407	
5565	1.14E-002	9.64E-003	3450	35608	
5447	4.22E-005	5.26E-003	3136	34094	
12378	4.41E-004	3.33E-003	1594	33982	
28087	3.68E-005	7.54E-004	5445	38098	
Function                             : Griewank
Mean Fitness Evaluations [Global]    : 13393.40
Mean Error [Global]                  : 2.44E-003
Std. Dev. Error [Global]             : 3.66E-003
Sucess [Global]                      : 71.00%
Mean Error [Local]                   : 6.21E-003
Std. Dev. Error [Local]              : 4.59E-003
Success [Local]                      : 15.00%
Mean Fitness Evaluations [1st Peak]  : 3643.96
Mean Fitness Evaluations [Last Peak] : 33589.63
