[0.000,-1.100]3.11983005625053
[0.000,-1.099]3.08085935566907
[0.000,-1.098]3.04221149282817
[0.000,-1.097]3.00388790674549
[0.000,-1.096]2.96589002371574
[0.000,-1.095]2.9282192572544
[0.000,-1.094]2.8908770080419
[0.000,-1.093]2.85386466386832
[0.000,-1.092]2.81718359957862
[0.000,-1.091]2.78083517701835
[0.000,-1.090]2.74482074497989
[0.000,-1.089]2.70914163914921
[0.000,-1.088]2.67379918205313
[0.000,-1.087]2.6387946830071
[0.000,-1.086]2.60412943806353
[0.000,-1.085]2.56980472996062
[0.000,-1.084]2.53582182807171
[0.000,-1.083]2.50218198835516
[0.000,-1.082]2.46888645330481
[0.000,-1.081]2.43593645190087
[0.000,-1.080]2.40333319956144
[0.000,-1.079]2.37107789809451
[0.000,-1.078]2.33917173565055
[0.000,-1.077]2.30761588667553
[0.000,-1.076]2.27641151186464
[0.000,-1.075]2.24555975811641
[0.000,-1.074]2.21506175848745
[0.000,-1.073]2.18491863214773
[0.000,-1.072]2.15513148433638
[0.000,-1.071]2.12570140631806
[0.000,-1.070]2.0966294753399
[0.000,-1.069]2.06791675458893
[0.000,-1.068]2.03956429315014
[0.000,-1.067]2.01157312596508
[0.000,-1.066]1.98394427379093
[0.000,-1.065]1.95667874316029
[0.000,-1.064]1.9297775263414
[0.000,-1.063]1.90324160129896
[0.000,-1.062]1.87707193165553
[0.000,-1.061]1.8512694666535
[0.000,-1.060]1.8258351411176
[0.000,-1.059]1.80076987541801
[0.000,-1.058]1.776074575434
[0.000,-1.057]1.75175013251819
[0.000,-1.056]1.72779742346138
[0.000,-1.055]1.70421731045786
[0.000,-1.054]1.68101064107147
[0.000,-1.053]1.65817824820207
[0.000,-1.052]1.63572095005268
[0.000,-1.051]1.61363955009717
[0.000,-1.050]1.59193483704858
[0.000,-1.049]1.57060758482793
[0.000,-1.048]1.54965855253369
[0.000,-1.047]1.52908848441182
[0.000,-1.046]1.50889810982636
[0.000,-1.045]1.48908814323069
[0.000,-1.044]1.46965928413926
[0.000,-1.043]1.45061221710002
[0.000,-1.042]1.43194761166738
[0.000,-1.041]1.41366612237577
[0.000,-1.040]1.3957683887138
[0.000,-1.039]1.37825503509906
[0.000,-1.038]1.36112667085338
[0.000,-1.037]1.34438389017885
[0.000,-1.036]1.32802727213434
[0.000,-1.035]1.31205738061264
[0.000,-1.034]1.29647476431818
[0.000,-1.033]1.28127995674539
[0.000,-1.032]1.26647347615764
[0.000,-1.031]1.25205582556677
[0.000,-1.030]1.23802749271322
[0.000,-1.029]1.22438895004681
[0.000,-1.028]1.21114065470805
[0.000,-1.027]1.19828304851012
[0.000,-1.026]1.18581655792142
[0.000,-1.025]1.17374159404872
[0.000,-1.024]1.16205855262096
[0.000,-1.023]1.15076781397358
[0.000,-1.022]1.13986974303358
[0.000,-1.021]1.12936468930502
[0.000,-1.020]1.11925298685531
[0.000,-1.019]1.10953495430195
[0.000,-1.018]1.1002108948
[0.000,-1.017]1.09128109603009
[0.000,-1.016]1.08274583018708
[0.000,-1.015]1.07460535396928
[0.000,-1.014]1.06685990856835
[0.000,-1.013]1.05950971965977
[0.000,-1.012]1.05255499739393
[0.000,-1.011]1.04599593638781
[0.000,-1.010]1.03983271571735
[0.000,-1.009]1.03406549891031
[0.000,-1.008]1.02869443393988
[0.000,-1.007]1.0237196532188
[0.000,-1.006]1.01914127359415
[0.000,-1.005]1.01495939634273
[0.000,-1.004]1.01117410716704
[0.000,-1.003]1.00778547619194
[0.000,-1.002]1.00479355796187
[0.000,-1.001]1.00219839143865
[0.000,-1.000]1.00000000000002
[0.000,-0.999]0.998198391438645
[0.000,-0.998]0.996793557961851
[0.000,-0.997]0.995785476191919
[0.000,-0.996]0.995174107167003
[0.000,-0.995]0.994959396342686
[0.000,-0.994]0.995141273594104
[0.000,-0.993]0.995719653218742
[0.000,-0.992]0.996694433939812
[0.000,-0.991]0.998065498910233
[0.000,-0.990]0.999832715717261
[0.000,-0.989]1.00199593638772
[0.000,-0.988]1.00455499739383
[0.000,-0.987]1.00750971965967
[0.000,-0.986]1.01085990856824
[0.000,-0.985]1.01460535396916
[0.000,-0.984]1.01874583018695
[0.000,-0.983]1.02328109602996
[0.000,-0.982]1.02821089479986
[0.000,-0.981]1.0335349543018
[0.000,-0.980]1.03925298685515
[0.000,-0.979]1.04536468930486
[0.000,-0.978]1.05186974303341
[0.000,-0.977]1.05876781397341
[0.000,-0.976]1.06605855262078
[0.000,-0.975]1.07374159404853
[0.000,-0.974]1.08181655792123
[0.000,-0.973]1.09028304850992
[0.000,-0.972]1.09914065470785
[0.000,-0.971]1.1083889500466
[0.000,-0.970]1.118027492713
[0.000,-0.969]1.12805582556655
[0.000,-0.968]1.13847347615742
[0.000,-0.967]1.14927995674516
[0.000,-0.966]1.16047476431794
[0.000,-0.965]1.17205738061239
[0.000,-0.964]1.1840272721341
[0.000,-0.963]1.19638389017859
[0.000,-0.962]1.20912667085312
[0.000,-0.961]1.22225503509879
[0.000,-0.960]1.23576838871354
[0.000,-0.959]1.24966612237549
[0.000,-0.958]1.2639476116671
[0.000,-0.957]1.27861221709974
[0.000,-0.956]1.29365928413898
[0.000,-0.955]1.3090881432304
[0.000,-0.954]1.32489810982607
[0.000,-0.953]1.34108848441151
[0.000,-0.952]1.35765855253339
[0.000,-0.951]1.37460758482762
[0.000,-0.950]1.39193483704827
[0.000,-0.949]1.40963955009686
[0.000,-0.948]1.42772095005236
[0.000,-0.947]1.44617824820175
[0.000,-0.946]1.46501064107115
[0.000,-0.945]1.48421731045753
[0.000,-0.944]1.50379742346104
[0.000,-0.943]1.52375013251785
[0.000,-0.942]1.54407457543365
[0.000,-0.941]1.56476987541766
[0.000,-0.940]1.58583514111725
[0.000,-0.939]1.60726946665315
[0.000,-0.938]1.62907193165518
[0.000,-0.937]1.65124160129861
[0.000,-0.936]1.67377752634104
[0.000,-0.935]1.69667874315993
[0.000,-0.934]1.71994427379057
[0.000,-0.933]1.74357312596471
[0.000,-0.932]1.76756429314977
[0.000,-0.931]1.79191675458856
[0.000,-0.930]1.81662947533953
[0.000,-0.929]1.84170140631769
[0.000,-0.928]1.86713148433601
[0.000,-0.927]1.89291863214736
[0.000,-0.926]1.91906175848707
[0.000,-0.925]1.94555975811603
[0.000,-0.924]1.97241151186426
[0.000,-0.923]1.99961588667514
[0.000,-0.922]2.02717173565016
[0.000,-0.921]2.05507789809413
[0.000,-0.920]2.08333319956105
[0.000,-0.919]2.11193645190048
[0.000,-0.918]2.14088645330442
[0.000,-0.917]2.17018198835478
[0.000,-0.916]2.19982182807132
[0.000,-0.915]2.22980472996023
[0.000,-0.914]2.26012943806314
[0.000,-0.913]2.29079468300671
[0.000,-0.912]2.32179918205274
[0.000,-0.911]2.35314163914882
[0.000,-0.910]2.3848207449795
[0.000,-0.909]2.41683517701795
[0.000,-0.908]2.44918359957823
[0.000,-0.907]2.48186466386793
[0.000,-0.906]2.51487700804151
[0.000,-0.905]2.54821925725402
[0.000,-0.904]2.58189002371535
[0.000,-0.903]2.6158879067451
[0.000,-0.902]2.65021149282778
[0.000,-0.901]2.68485935566868
[0.000,-0.900]2.71983005625014
