44093	0.00E+000	0.00E+000	44093	0	0	
46251	0.00E+000	0.00E+000	46251	0	0	
6216	3.85E-046	3.85E-046	6216	0	0	
45970	1.10E-307	1.10E-307	45970	0	0	
46239	7.22E-307	7.22E-307	46239	0	0	
98	7.89E-005	7.89E-005	98	0	0	
46139	2.88E-321	2.88E-321	46139	0	0	
46219	2.02E-320	2.02E-320	46219	0	0	
46170	5.63E-311	5.63E-311	46170	0	0	
482	3.17E-008	3.17E-008	482	0	0	
40427	1.38E-290	1.38E-290	40427	0	0	
45198	0.00E+000	0.00E+000	45198	0	0	
45502	0.00E+000	0.00E+000	45502	0	0	
10856	4.21E-068	4.21E-068	10856	0	0	
13776	7.73E-101	7.73E-101	13776	0	0	
31552	1.40E-232	1.40E-232	31552	0	0	
16580	8.84E-120	8.84E-120	16580	0	0	
46112	6.56E-315	6.56E-315	46112	0	0	
46252	2.41E-318	2.41E-318	46252	0	0	
42577	5.75E-286	5.75E-286	42577	0	0	
27999	1.42E-198	1.42E-198	27999	0	0	
44006	7.20E-311	7.20E-311	44006	0	0	
41982	2.04E-299	2.04E-299	41982	0	0	
46247	1.68E-312	1.68E-312	46247	0	0	
37475	8.13E-257	8.13E-257	37475	0	0	
30750	1.43E-213	1.43E-213	30750	0	0	
46129	1.12E-310	1.12E-310	46129	0	0	
46294	8.52E-314	8.52E-314	46294	0	0	
44308	0.00E+000	0.00E+000	44308	0	0	
46234	0.00E+000	0.00E+000	46234	0	0	
14079	6.94E-106	6.94E-106	14079	0	0	
26265	5.27E-171	5.27E-171	26265	0	0	
46141	5.93E-323	5.93E-323	46141	0	0	
46190	1.42E-311	1.42E-311	46190	0	0	
4983	5.37E-043	5.37E-043	4983	0	0	
8058	4.15E-063	4.15E-063	8058	0	0	
4988	3.70E-039	3.70E-039	4988	0	0	
4549	1.97E-026	1.97E-026	4549	0	0	
30256	7.23E-218	7.23E-218	30256	0	0	
13199	2.84E-094	2.84E-094	13199	0	0	
14278	3.65E-102	3.65E-102	14278	0	0	
24232	4.57E-161	4.57E-161	24232	0	0	
797	3.09E-009	3.09E-009	797	0	0	
46185	7.17E-310	7.17E-310	46185	0	0	
15350	7.94E-111	7.94E-111	15350	0	0	
46241	6.35E-293	6.35E-293	46241	0	0	
26322	1.79E-179	1.79E-179	26322	0	0	
33939	6.41E-227	6.41E-227	33939	0	0	
45652	0.00E+000	0.00E+000	45652	0	0	
518	3.43E-007	3.43E-007	518	0	0	
46154	4.94E-324	4.94E-324	46154	0	0	
45611	2.32E-296	2.32E-296	45611	0	0	
22696	2.21E-147	2.21E-147	22696	0	0	
16937	1.27E-126	1.27E-126	16937	0	0	
25494	5.84E-200	5.84E-200	25494	0	0	
11448	7.06E-084	7.06E-084	11448	0	0	
26776	1.84E-205	1.84E-205	26776	0	0	
43985	3.97E-297	3.97E-297	43985	0	0	
46110	1.01E-307	1.01E-307	46110	0	0	
44369	3.16E-305	3.16E-305	44369	0	0	
46252	0.00E+000	0.00E+000	46252	0	0	
2671	2.31E-021	2.31E-021	2671	0	0	
14219	8.28E-108	8.28E-108	14219	0	0	
26729	1.25E-195	1.25E-195	26729	0	0	
3742	2.66E-028	2.66E-028	3742	0	0	
46180	1.47E-321	1.47E-321	46180	0	0	
6029	2.67E-052	2.67E-052	6029	0	0	
1758	1.29E-016	1.29E-016	1758	0	0	
34288	1.74E-245	1.74E-245	34288	0	0	
23350	9.37E-174	9.37E-174	23350	0	0	
46275	2.85E-311	2.85E-311	46275	0	0	
17445	1.04E-123	1.04E-123	17445	0	0	
30490	3.57E-222	3.57E-222	30490	0	0	
17319	2.36E-130	2.36E-130	17319	0	0	
5479	2.86E-044	2.86E-044	5479	0	0	
18772	1.08E-128	1.08E-128	18772	0	0	
33781	9.71E-241	9.71E-241	33781	0	0	
27789	1.52E-190	1.52E-190	27789	0	0	
45919	0.00E+000	0.00E+000	45919	0	0	
358	4.43E-009	4.43E-009	358	0	0	
46048	4.94E-324	4.94E-324	46048	0	0	
20432	6.76E-144	6.76E-144	20432	0	0	
46193	8.22E-321	8.22E-321	46193	0	0	
32180	3.82E-215	3.82E-215	32180	0	0	
40317	5.62E-304	5.62E-304	40317	0	0	
9132	5.43E-065	5.43E-065	9132	0	0	
11435	3.69E-083	3.69E-083	11435	0	0	
46307	2.80E-312	2.80E-312	46307	0	0	
37193	3.45E-258	3.45E-258	37193	0	0	
10080	2.79E-081	2.79E-081	10080	0	0	
45918	0.00E+000	0.00E+000	45918	0	0	
45638	0.00E+000	0.00E+000	45638	0	0	
13599	4.97E-097	4.97E-097	13599	0	0	
37711	6.39E-260	6.39E-260	37711	0	0	
5172	7.80E-042	7.80E-042	5172	0	0	
46202	1.82E-309	1.82E-309	46202	0	0	
28759	2.20E-211	2.20E-211	28759	0	0	
46195	2.28E-318	2.28E-318	46195	0	0	
20071	2.65E-135	2.65E-135	20071	0	0	
44049	4.70E-280	4.70E-280	44049	0	0	
Function : Sphere
Mean Fitness Evaluations [Global]    : 29414.11
Mean Error [Global]                  : 7.93E-007
Std. Dev. Error [Global]             : 1.56E-006
Sucess [Global]                      : 99.00%
Mean Error [Local]                   : 7.93E-007
Std. Dev. Error [Local]              : 1.56E-006
Sucess [Local]                       : 99.00%
Mean Fitness Evaluations [1st Peak]  : 29414.11
Mean Fitness Evaluations [9th Peak]  : 0.00
Mean Fitness Evaluations [25th Peak] : 0.00
4675	0.00E+000	2.06E-012	3343	12844	45880	
4679	0.00E+000	3.90E-010	2388	13461	40720	
8038	0.00E+000	2.71E-012	2060	13433	38799	
4057	5.16E-078	5.67E-012	4057	13763	37894	
6969	0.00E+000	4.32E-014	3785	14854	38929	
7442	0.00E+000	1.41E-007	5337	17026	44938	
7277	0.00E+000	8.83E-009	2046	11607	39511	
6529	0.00E+000	2.49E-011	1301	14884	45386	
6972	0.00E+000	2.58E-010	2709	14515	37717	
7276	0.00E+000	1.12E-010	2363	16547	43994	
14526	0.00E+000	4.91E-014	3763	17142	40343	
7439	0.00E+000	4.77E-014	2876	17321	44755	
3747	8.89E-031	9.79E-009	2098	13463	41173	
8664	0.00E+000	5.30E-010	2818	14096	38746	
4975	0.00E+000	9.77E-011	3640	16688	42806	
8346	0.00E+000	3.65E-002	4868	19219	44047	
4676	0.00E+000	3.65E-002	3018	14833	41461	
4494	0.00E+000	1.04E-010	1338	13636	38628	
9299	0.00E+000	2.63E-011	1584	13968	36150	
15011	0.00E+000	4.14E-010	2064	14894	38475	
6363	0.00E+000	4.18E-014	1452	12117	41999	
8222	0.00E+000	6.33E-002	23	10874	31682	
4967	0.00E+000	1.20E-011	979	13054	33370	
4827	1.29E-085	3.42E-004	2402	16424	38309	
6534	0.00E+000	1.54E-013	3153	14131	38932	
5453	0.00E+000	2.79E-013	2104	15430	45647	
3296	1.10E-071	3.21E-005	0	13121	39147	
6372	0.00E+000	6.29E-012	4234	17906	44489	
10373	0.00E+000	2.63E-014	3185	17207	40172	
8829	0.00E+000	3.38E-014	2103	15464	44500	
4662	0.00E+000	5.16E-014	4106	13615	43338	
8041	0.00E+000	4.63E-005	1455	15587	39585	
8851	0.00E+000	2.01E-010	2720	14701	44934	
5882	0.00E+000	6.16E-014	1909	13162	39186	
972	3.71E-012	1.01E-003	100	13654	40817	
5274	0.00E+000	7.31E-002	3314	15595	35401	
6362	0.00E+000	3.46E-014	2058	18089	43080	
14834	0.00E+000	2.78E-012	3451	17593	41532	
10074	0.00E+000	4.62E-006	2846	14728	37849	
4215	1.34E-051	3.60E-013	2105	15933	39694	
14980	0.00E+000	6.79E-013	3133	15776	43016	
5599	0.00E+000	3.67E-014	4265	14983	43351	
5135	0.00E+000	9.22E-004	3142	16720	40108	
10193	0.00E+000	3.52E-014	2235	14075	37397	
3743	0.00E+000	2.05E-014	3743	15436	40495	
4494	5.27E-082	7.53E-011	3493	14878	38723	
7271	0.00E+000	6.74E-005	288	14235	40467	
4529	0.00E+000	3.53E-014	3947	16130	36743	
4969	0.00E+000	1.14E-011	3030	13781	36470	
3136	2.62E-044	2.24E-007	3136	14049	35541	
11121	0.00E+000	3.47E-011	707	13195	39570	
6977	0.00E+000	1.06E-011	236	16701	43527	
7148	0.00E+000	3.55E-014	7148	20093	44716	
4993	0.00E+000	2.88E-014	2250	13308	36162	
6366	0.00E+000	1.35E-013	1479	15964	39391	
3915	0.00E+000	3.60E-005	2688	12844	34855	
10221	1.29E-085	4.22E-014	2248	16992	39373	
5576	0.00E+000	4.01E-014	2386	14122	42964	
4983	0.00E+000	2.63E-010	2693	14539	35075	
4676	0.00E+000	2.86E-009	3030	16067	39014	
6972	8.24E-084	2.13E-007	1918	13203	42342	
7583	0.00E+000	4.93E-012	2719	13652	38491	
6813	0.00E+000	1.38E-010	2068	14973	38952	
0	7.74E-006	3.68E-007	0	11155	39140	
4826	0.00E+000	1.96E-007	3302	16237	44475	
13468	0.00E+000	1.19E-011	2053	15186	38812	
4520	0.00E+000	4.59E-004	3473	12514	42364	
8843	0.00E+000	9.66E-013	1290	13047	33514	
11161	0.00E+000	2.53E-011	2512	13362	36492	
7911	0.00E+000	4.98E-010	2175	14546	36002	
5725	0.00E+000	1.48E-007	1323	14413	38493	
5878	0.00E+000	1.15E-014	2691	16858	39038	
1105	4.30E-010	5.77E-011	1105	11785	37432	
5735	0.00E+000	6.26E-014	2553	14230	38903	
3601	4.57E-026	3.65E-002	2104	15316	44651	
4332	0.00E+000	2.51E-008	3613	17476	39405	
4190	0.00E+000	5.89E-004	2728	13766	38443	
4184	3.70E-078	4.02E-010	3929	14204	38202	
11613	0.00E+000	1.49E-014	1799	13771	41451	
7111	0.00E+000	3.92E-009	3502	15918	37392	
813	3.29E-026	2.23E-003	813	11768	37601	
8696	0.00E+000	3.82E-014	1906	16738	38129	
9735	0.00E+000	2.80E-014	1887	14238	40173	
3719	4.65E-066	4.58E-014	2856	14100	43019	
11752	0.00E+000	8.34E-013	2387	14546	45135	
4828	0.00E+000	4.39E-008	0	13314	35527	
4513	0.00E+000	1.46E-011	2843	14521	38468	
10835	1.29E-085	2.98E-010	2846	15487	37820	
6839	0.00E+000	4.07E-014	1941	13971	40202	
8228	0.00E+000	1.32E-007	4112	18076	39657	
4832	0.00E+000	1.12E-004	2383	15976	39222	
5887	0.00E+000	6.31E-004	387	13892	42806	
3903	0.00E+000	1.77E-012	1618	13185	37309	
6821	3.14E-083	1.16E-004	2213	14899	35699	
7892	0.00E+000	1.06E-013	1755	15168	39121	
4507	2.01E-087	6.43E-005	245	12691	38222	
16693	0.00E+000	6.67E-013	1940	14895	40341	
6972	0.00E+000	2.14E-010	922	14530	41766	
5260	0.00E+000	1.07E-004	0	14116	36620	
6829	2.01E-087	1.83E-012	2397	13468	38778	
Function : Foxholes2D
Mean Fitness Evaluations [Global]    : 6746.44
Mean Error [Global]                  : 7.74E-008
Std. Dev. Error [Global]             : 1.53E-007
Sucess [Global]                      : 100.00%
Mean Error [Local]                   : 2.53E-003
Std. Dev. Error [Local]              : 4.66E-003
Sucess [Local]                       : 80.00%
Mean Fitness Evaluations [1st Peak]  : 2387.40
Mean Fitness Evaluations [9th Peak]  : 14756.58
Mean Fitness Evaluations [25th Peak] : 39805.82
5422	0.00E+000	3.99E-007	1712	17493	0	
8990	0.00E+000	0.00E+000	2055	18068	0	
2367	0.00E+000	0.00E+000	2367	16900	0	
2677	0.00E+000	0.00E+000	2677	16233	0	
5899	0.00E+000	0.00E+000	2508	16867	0	
3140	0.00E+000	3.48E-012	1028	22689	0	
2651	0.00E+000	3.55E-015	2651	16822	0	
2327	0.00E+000	1.58E-015	2327	19497	0	
2187	0.00E+000	1.11E-014	2187	20381	0	
6823	0.00E+000	0.00E+000	2363	18226	0	
2173	0.00E+000	3.95E-016	2173	18257	0	
3425	0.00E+000	0.00E+000	2546	18241	0	
2040	0.00E+000	8.68E-015	1639	15755	0	
10195	0.00E+000	7.89E-016	2359	22852	0	
1718	0.00E+000	7.89E-016	1718	19615	0	
2197	0.00E+000	0.00E+000	2197	15913	0	
3742	0.00E+000	1.97E-015	3328	31988	0	
3281	0.00E+000	7.89E-016	2251	21484	0	
2499	0.00E+000	2.37E-014	1923	15755	0	
3575	0.00E+000	7.89E-016	3575	18829	0	
2642	0.00E+000	7.89E-016	2642	22869	0	
11154	1.35E-013	1.58E-014	1789	17148	0	
2041	0.00E+000	2.19E-008	2041	20869	0	
2346	0.00E+000	3.95E-016	2102	17452	0	
2030	0.00E+000	0.00E+000	2030	18235	0	
2184	0.00E+000	7.89E-016	2184	15765	0	
6194	0.00E+000	7.89E-016	1746	17454	0	
2186	7.11E-015	2.43E-008	2186	15165	0	
2176	0.00E+000	1.97E-015	2176	16536	0	
2641	0.00E+000	3.95E-016	1641	18241	0	
1252	3.55E-015	1.18E-015	1252	16692	0	
2653	0.00E+000	7.89E-016	2221	20993	0	
7898	0.00E+000	5.03E-003	193	16682	0	
2508	0.00E+000	7.89E-016	2508	23307	0	
2825	0.00E+000	3.95E-016	2721	16985	0	
1899	0.00E+000	9.91E-003	1899	18395	0	
3581	3.55E-015	8.82E-003	2105	15787	0	
4219	0.00E+000	1.97E-015	1953	17926	0	
6364	0.00E+000	1.42E-014	2803	19613	0	
581	1.96E-003	2.37E-004	581	11618	0	
2196	0.00E+000	7.89E-016	2196	15609	0	
2188	0.00E+000	0.00E+000	2188	20552	0	
2325	0.00E+000	7.41E-004	2325	16139	0	
4366	0.00E+000	1.06E-006	705	23645	0	
4368	0.00E+000	1.05E-013	2530	14838	0	
2483	0.00E+000	0.00E+000	2483	29046	0	
96	7.79E-002	8.65E-003	96	21599	0	
1906	0.00E+000	0.00E+000	1906	16686	0	
4829	0.00E+000	9.89E-003	2509	16077	0	
2672	0.00E+000	1.27E-011	2672	18871	0	
10668	0.00E+000	0.00E+000	2363	13827	0	
2364	0.00E+000	0.00E+000	2364	23302	0	
2191	0.00E+000	9.50E-006	2191	16691	0	
2489	0.00E+000	1.58E-015	2489	24713	0	
3720	0.00E+000	0.00E+000	3309	17323	0	
7455	0.00E+000	0.00E+000	2487	25207	0	
2050	0.00E+000	1.97E-015	2050	19186	0	
5130	0.00E+000	0.00E+000	1572	17287	0	
10215	0.00E+000	2.31E-003	531	16526	0	
2171	0.00E+000	7.89E-016	2171	18850	0	
3137	0.00E+000	2.93E-004	2103	16089	0	
4215	0.00E+000	1.18E-015	2253	19019	0	
2365	0.00E+000	4.42E-014	2365	23023	0	
2351	7.11E-015	7.89E-016	2092	25331	0	
2667	0.00E+000	1.96E-013	2667	17323	0	
2334	0.00E+000	1.58E-015	1790	13440	0	
6689	0.00E+000	1.25E-006	2491	18371	0	
2206	0.00E+000	5.29E-008	2206	12201	0	
2180	0.00E+000	2.09E-013	2180	17305	0	
3563	0.00E+000	1.58E-015	2086	19934	0	
7757	0.00E+000	3.95E-016	2034	15441	0	
2337	0.00E+000	1.46E-008	2337	20876	0	
2055	0.00E+000	0.00E+000	2055	17782	0	
2179	0.00E+000	4.74E-015	2179	25012	0	
2210	0.00E+000	2.56E-011	2210	20217	0	
1888	0.00E+000	1.78E-003	38	11897	0	
2215	0.00E+000	0.00E+000	2215	20406	0	
10812	0.00E+000	6.85E-011	2204	16088	0	
4351	0.00E+000	1.66E-014	4351	33176	0	
2944	0.00E+000	1.03E-007	2944	13763	0	
2653	0.00E+000	3.95E-016	2653	25815	0	
2052	0.00E+000	0.00E+000	2052	19753	0	
2666	0.00E+000	3.88E-003	2566	20072	0	
2361	0.00E+000	3.54E-009	2361	12692	0	
2818	0.00E+000	0.00E+000	2098	16869	0	
2966	0.00E+000	5.53E-014	2703	16716	0	
2635	0.00E+000	1.97E-015	1923	26740	0	
1873	0.00E+000	1.58E-015	1873	19304	0	
5413	0.00E+000	3.55E-015	2200	21195	0	
11133	0.00E+000	1.18E-015	2537	15627	0	
2029	0.00E+000	1.33E-007	2029	15144	0	
2500	0.00E+000	2.56E-010	2500	15009	0	
7266	0.00E+000	2.21E-001	2522	25842	0	
2328	0.00E+000	0.00E+000	2328	32725	0	
4507	0.00E+000	4.74E-015	2017	18708	0	
5604	0.00E+000	0.00E+000	2366	21159	0	
2361	0.00E+000	0.00E+000	2094	17802	0	
5434	0.00E+000	0.00E+000	2080	15441	0	
2364	0.00E+000	3.95E-016	2364	19454	0	
2479	0.00E+000	1.48E-012	1763	20062	0	
Function : Ratrigin
Mean Fitness Evaluations [Global]    : 3664.81
Mean Error [Global]                  : 7.98E-004
Std. Dev. Error [Global]             : 1.56E-003
Sucess [Global]                      : 98.00%
Mean Error [Local]                   : 2.73E-003
Std. Dev. Error [Local]              : 4.96E-003
Sucess [Local]                       : 88.00%
Mean Fitness Evaluations [1st Peak]  : 2153.23
Mean Fitness Evaluations [9th Peak]  : 18983.94
Mean Fitness Evaluations [25th Peak] : 0.00
