2	182.68
3	75
4	97.84
5	122.7
6	118.02
7	123.27
8	137.68
9	61.2
10	197.2
11	156.75
12	185.76
13	223.6
14	174.44
15	171.15
16	114.72
17	179.69
18	193.32
19	38
20	191.2
21	161.7
22	235.84
23	264.5
24	323.52
25	333
26	237.38
27	268.92
28	113.12
29	207.06
30	311.1
31	234.36
32	264.96
33	267.3
34	325.04
35	141.75
36	340.92
37	249.75
38	178.98
39	174.72
40	343.2
41	414.92
42	203.28
43	442.04
44	454.96
45	326.7
46	463.68
47	344.04
48	395.52
49	421.4
50	148.5
51	457.47
52	441.48
53	398.03
54	253.8
55	486.2
56	389.2
57	396.15
58	392.08
59	350.46
60	411.6
61	317.2
62	349.68
63	294.21
64	412.8
65	386.1
66	454.74
67	424.78
68	510.68
69	264.96
70	462
71	512.62
72	372.96
73	447.49
74	308.58
75	177.75
76	566.96
77	411.95
78	152.1
79	569.59
80	325.6
81	587.25
82	443.62
83	434.09
84	527.52
85	507.45
86	554.7
87	226.2
88	547.36
89	419.19
90	578.7
91	586.04
92	582.36
93	421.29
94	446.5
95	603.25
96	811.2
97	677.06
98	351.82
99	341.55
100	344
101	448.44
102	589.56
103	448.05
104	335.92
105	418.95
106	482.3
107	665.54
108	451.44
109	396.76
110	611.6
111	646.02
112	560
113	584.21
114	506.16
115	501.4
116	599.72
117	477.36
118	507.4
119	585.48
120	288
121	649.77
122	467.26
123	646.98
124	483.6
125	505
126	598.5
127	646.43
128	792.32
129	519.87
130	715
131	639.28
132	693
133	647.71
134	596.3
135	657.45
136	839.12
137	838.44
138	633.42
139	771.45
140	387.8
141	662.7
142	580.78
143	524.81
144	518.4
145	584.35
146	474.5
147	851.13
148	568.32
149	798.64
150	588
151	748.96
152	858.8
153	446.76
154	731.5
155	595.2
156	627.12
157	662.54
158	633.58
159	829.98
160	753.6
161	708.4
162	797.04
163	863.9
164	652.72
165	618.75
166	702.18
167	940.21
168	939.12
169	647.27
170	688.5
171	788.31
172	846.24
173	884.03
174	654.24
175	610.75
176	911.68
177	483.21
178	906.02
179	859.2
180	795.6
181	812.69
182	811.72
183	779.58
184	568.56
185	445.85
186	851.88
187	845.24
188	742.6
189	504.63
190	824.6
191	605.47
192	616.32
193	712.17
194	892.4
195	670.8
196	909.44
197	776.18
198	817.74
199	893.51
200	592
201	924.6
202	1001.92
203	678.02
204	756.84
205	774.9
206	799.28
207	720.36
208	871.52
209	854.81
210	602.7
211	1076.1
212	892.52
213	1118.25
214	740.44
215	956.75
216	1002.24
217	844.13
218	965.74
219	845.34
220	754.6
221	766.87
222	630.48
223	1172.98
224	672
225	830.25
226	1202.32
227	880.76
228	902.88
229	638.91
230	614.1
231	1000.23
232	788.8
233	722.3
234	994.5
235	1017.55
236	705.64
237	654.12
238	804.44
239	743.29
240	960
241	908.57
242	890.56
243	707.13
244	766.16
245	818.3
246	799.5
247	916.37
248	1264.8
249	784.35
250	1055
251	1277.59
252	897.12
253	984.17
254	1109.98
255	818.55
256	734.72
257	832.68
258	900.42
259	1289.82
260	769.6
261	913.5
262	626.18
263	909.98
264	799.92
265	667.8
266	938.98
267	878.43
268	1077.36
269	1132.49
270	1047.6
271	761.51
272	892.16
273	920.01
274	931.6
275	1069.75
276	1247.52
277	844.85
278	903.5
279	552.42
280	1117.2
281	845.81
282	1063.14
283	724.48
284	815.08
285	629.85
286	837.98
287	929.88
288	645.12
289	872.78
290	849.7
291	910.83
292	1030.76
293	1051.87
294	1193.64
295	1191.8
296	1089.28
297	1006.83
298	932.74
299	1046.5
300	1191
301	704.34
302	963.38
303	1039.29
304	577.6
305	988.2
306	1123.02
307	871.88
308	1050.28
309	976.44
310	1230.7
311	1066.73
312	904.8
313	823.19
314	1083.3
315	1127.7
316	679.4
317	1201.43
318	1189.32
319	931.48
320	1004.8
321	866.7
322	734.16
323	1175.72
324	978.48
325	919.75
326	1036.68
327	827.31
328	1384.16
329	1000.16
330	910.8
331	1181.67
332	800.12
333	889.11
334	831.66
335	901.15
336	1162.56
337	1128.95
338	1257.36
339	1325.49
340	700.4
341	1176.45
342	1453.5
343	1004.99
344	1145.52
345	1066.05
346	941.12
347	971.6
348	1336.32
349	924.85
350	1011.5
351	828.36
352	1108.8
353	843.67
354	1164.66
355	1185.7
356	1164.12
357	985.32
358	1116.96
359	1130.85
360	1177.2
361	718.39
362	1332.16
363	1187.01
364	1252.16
365	1346.85
366	1270.02
367	1236.79
368	1118.72
369	1107
370	1202.5
371	1202.04
372	1093.68
373	1160.03
374	1234.2
375	1132.5
376	1267.12
377	968.89
378	941.22
379	1167.32
380	1067.8
381	1291.59
382	1363.74
383	1206.45
384	1248
385	1178.1
386	1250.64
387	1191.96
388	884.64
389	766.33
390	959.4
391	1294.21
392	1152.48
393	1017.87
394	1012.58
395	1177.1
396	993.96
397	1012.35
398	1046.74
399	654.36
400	976
401	1291.22
402	1113.54
403	838.24
404	1369.56
405	1287.9
406	1331.68
407	1078.55
408	1101.6
409	997.96
410	1189
411	1113.81
412	1124.76
413	1069.67
414	1109.52
415	1091.45
416	1106.56
417	1042.5
418	1070.08
419	1202.53
420	1377.6
421	1199.85
422	1050.78
423	1061.73
424	1288.96
425	1160.25
426	1180.02
427	1409.1
428	980.12
429	1132.56
430	1109.4
431	1430.92
432	1278.72
433	1342.3
434	1423.52
435	1309.35
436	1002.8
437	1341.59
438	1405.98
439	1325.78
440	1038.4
441	1159.83
442	1171.3
443	1080.92
444	1296.48
445	1161.45
446	1039.18
447	1090.68
448	1590.4
449	1100.05
450	1089
451	1407.12
452	1220.4
453	1313.7
454	1389.24
455	1151.15
456	1618.8
457	1380.14
458	1268.66
459	1276.02
460	1159.2
461	1327.68
462	891.66
463	1078.79
464	1303.84
465	1111.35
466	1267.52
467	1321.61
468	1053
469	1369.48
470	1160.9
471	1266.99
472	1477.36
473	1575.09
474	1265.58
475	1558
476	1742.16
477	1555.02
478	1472.24
479	1389.1
480	1233.6
481	1106.3
482	1330.32
483	1183.35
484	1311.64
485	1299.8
486	1229.58
487	1305.16
488	1220
489	1158.93
490	1342.6
491	1369.89
492	1234.92
493	1173.34
494	1309.1
495	1425.6
496	1304.48
497	1655.01
498	1384.44
499	1302.39
500	1410
501	1317.63
502	1370.46
503	1529.12
504	1471.68
505	1530.15
506	1280.18
507	1465.23
508	1539.24
509	1338.67
510	1591.2
511	1425.69
512	1525.76
513	1580.04
514	1613.96
515	1277.2
516	1331.28
517	1530.32
518	1222.48
519	1416.87
520	1331.2
521	1083.68
522	1341.54
523	1527.16
524	1572
525	1317.75
526	1457.02
527	1169.94
528	1478.4
529	1735.12
530	1494.6
531	1200.06
532	1117.2
533	1183.26
534	1388.4
535	1198.4
536	1500.8
537	1428.42
538	1334.24
539	1530.76
540	1182.6
541	1298.4
542	1257.44
543	1292.34
544	1474.24
545	1531.45
546	1266.72
547	1657.41
548	1441.24
549	1515.24
550	1314.5
551	1195.67
552	1286.16
553	1305.08
554	1584.44
555	1326.45
556	1562.36
557	1570.74
558	1456.38
559	1134.77
560	1663.2
561	1593.24
562	1528.64
563	1289.27
564	1443.84
565	1565.05
566	1154.64
567	1309.77
568	1397.28
569	1359.91
570	1544.7
571	1598.8
572	1561.56
573	1501.26
574	1928.64
575	1270.75
576	1693.44
577	1731
578	1271.6
579	1406.97
580	1589.2
581	1510.6
582	1536.48
583	1533.29
584	1646.88
585	1480.05
586	1306.78
587	1297.27
588	1652.28
589	1354.7
590	1492.7
591	1406.58
592	1669.44
593	1565.52
594	1728.54
595	1624.35
596	1048.96
597	1277.58
598	1530.88
599	1407.65
600	1356
601	1388.31
602	1216.04
603	1543.68
604	1769.72
605	1712.15
606	1515
607	1827.07
608	1751.04
609	1613.85
610	1457.9
611	1044.81
612	1481.04
613	1599.93
614	1596.4
615	1525.2
616	1453.76
617	1702.92
618	1470.84
619	1714.63
620	1512.8
621	1546.29
622	1766.48
623	1370.6
624	1684.8
625	1512.5
626	1489.88
627	1304.16
628	1318.8
629	1572.5
630	1814.4
631	1665.84
632	1226.08
633	1734.42
634	1508.92
635	1155.7
636	1609.08
637	1707.16
638	1499.3
639	1987.29
640	1900.8
641	1243.54
642	1412.4
643	1466.04
644	1687.28
645	1554.45
646	1679.6
647	1598.09
648	1542.24
649	1512.17
650	1495
651	1536.36
652	1610.44
653	1861.05
654	1576.14
655	1683.35
656	1482.56
657	1320.57
658	1927.94
659	1509.11
660	1392.6
661	1771.48
662	1919.8
663	1969.11
664	1560.4
665	1349.95
666	1518.48
667	1427.38
668	1262.52
669	1766.16
670	1407
671	1657.37
672	1915.2
673	1810.37
674	1833.28
675	1714.5
676	1548.04
677	1780.51
678	1267.86
679	1778.98
680	1713.6
681	1770.6
682	1541.32
683	1529.92
684	1915.2
685	1445.35
686	1474.9
687	1593.84
688	1967.68
689	1253.98
690	1773.3
691	1762.05
692	1667.72
693	1891.89
694	1762.76
695	1264.9
696	1684.32
697	1728.56
698	1717.08
699	1544.79
700	1414
701	1640.34
702	1930.5
703	1518.48
704	1506.56
705	1438.2
706	1553.2
707	1930.11
708	1550.52
709	1552.71
710	1746.6
711	2076.12
712	2064.8
713	1540.08
714	1706.46
715	1415.7
716	1883.08
717	1964.58
718	1895.52
719	2006.01
720	1620
721	1759.24
722	1776.12
723	1662.9
724	1621.76
725	1631.25
726	1749.66
727	1693.91
728	1645.28
729	1487.16
730	1642.5
731	1695.92
732	1866.6
733	1597.94
734	1607.46
735	1580.25
736	1685.44
737	1724.58
738	1704.78
739	1810.55
740	1739
741	1741.35
742	1654.66
743	1746.05
744	1621.92
745	1497.45
746	1865
747	1538.82
748	1810.16
749	1423.1
750	1837.5
751	1396.86
752	1639.36
753	1980.39
754	1688.96
755	1547.75
756	1927.8
757	1332.32
758	1546.32
759	1662.21
760	1375.6
761	1925.33
762	1943.1
763	1724.38
764	1764.84
765	1935.45
766	1669.88
767	1319.24
768	1505.28
769	1545.69
770	1755.6
771	2081.7
772	1775.6
773	1770.17
774	2159.46
775	1705
776	2087.44
777	1911.42
778	1929.44
779	1830.65
780	1895.4
781	1944.69
782	1978.46
783	1824.39
784	1881.6
785	1679.9
786	1949.28
787	1810.1
788	2103.96
789	1633.23
790	1769.6
791	1708.56
792	1948.32
793	1958.71
794	1746.8
795	2146.5
796	1416.88
797	2056.26
798	1723.68
799	1869.66
800	1504
801	1842.3
802	1852.62
803	1959.32
804	1720.56
805	1923.95
806	1926.34
807	2057.85
808	1769.52
809	2192.39
810	1782
811	1938.29
812	1948.8
813	1869.9
814	1839.64
815	1939.7
816	1852.32
817	1380.73
818	2372.2
819	2047.5
820	1992.6
821	1650.21
822	1734.42
823	1859.98
824	1680.96
825	2037.75
826	2106.3
827	1678.81
828	1920.96
829	1558.52
830	2108.2
831	2094.12
832	1547.52
833	1890.91
834	2076.66
835	2271.2
836	1830.84
837	2117.61
838	1893.88
839	1736.73
840	1713.6
841	2094.09
842	1843.98
843	1846.17
844	1780.84
845	1901.25
846	1861.2
847	2159.85
848	2111.52
849	1808.37
850	2159
851	2008.36
852	1669.92
853	1987.49
854	2109.38
855	1556.1
856	2037.28
857	2031.09
858	1492.92
859	2113.14
860	1728.6
861	2014.74
862	1861.92
863	1967.64
864	2013.12
865	1946.25
866	1714.68
867	1673.31
868	1779.4
869	1877.04
870	1887.9
871	1672.32
872	1674.24
873	2077.74
874	1931.54
875	1890
876	1734.48
877	1736.46
878	1633.08
879	1775.58
880	1953.6
881	2017.49
882	2046.24
883	1748.34
884	1874.08
885	2309.85
886	1851.74
887	1800.61
888	1935.84
889	1786.89
890	2153.8
891	1888.92
892	2114.04
893	1500.24
894	2083.02
895	1897.4
896	1962.24
897	1740.18
898	2029.48
899	1878.91
900	1881
901	1783.98
902	2236.96
903	1751.82
904	1970.72
905	2162.95
906	2047.56
907	1841.21
908	2578.72
909	1927.08
910	1756.3
911	1785.56
912	1951.68
913	1807.74
914	1672.62
915	1839.15
916	2097.64
917	1834
918	2129.76
919	1755.29
920	1932
921	1676.22
922	2185.14
923	2141.36
924	2014.32
925	2007.25
926	1722.36
927	1816.92
928	2403.52
929	1960.19
930	1953
931	2197.16
932	1705.56
933	1819.35
934	2204.24
935	2178.55
936	2106
937	2342.5
938	2035.46
939	1793.49
940	1992.8
941	2051.38
942	1902.84
943	2055.74
944	1850.24
945	2069.55
946	2052.82
947	1931.88
948	1877.04
949	1954.94
950	1995
951	2092.2
952	2218.16
953	2172.84
954	1850.76
955	1728.55
956	1854.64
957	1923.57
958	2040.54
959	2061.85
960	2112
961	2191.08
962	2145.26
963	1714.14
964	2082.24
965	1949.3
966	2173.5
967	2253.11
968	1877.92
969	1841.1
970	2017.6
971	2029.39
972	1973.16
973	2014.11
974	1996.7
975	1930.5
976	2215.52
977	2071.24
978	2200.5
979	1595.77
980	1597.4
981	1883.52
982	1983.64
983	2083.96
984	2007.36
985	2029.1
986	1991.72
987	1944.39
988	1817.92
989	1938.44
990	2247.3
991	2200.02
992	1934.4
993	1807.26
994	2166.92
995	2388
996	1792.8
997	1884.33
998	2135.72
999	2057.94
1000	2190
