....................................................................................................
1		0.938109		0.119517
....................................................................................................
2		0.918252		0.118517
....................................................................................................
3		0.924173		0.105243
....................................................................................................
4		0.938518		0.107773
....................................................................................................
5		0.934809		0.110354
....................................................................................................
6		0.912474		0.109547
....................................................................................................
7		0.909212		0.116170
....................................................................................................
8		0.910605		0.111730
....................................................................................................
9		0.898338		0.117842
....................................................................................................
10		0.904435		0.118347
 